Size	Mergesort	Heapsort	Quiksort	Mergesort_Sorted	HeapSort	QuickSort_Sorted
100   	1167100    	53000    	25900      	1364600              	47800        	16500
200   	3862400    	121100    	62800      	2501700              	103000        	27800
300   	4241500    	159700    	66700      	6450200              	149000        	39600
400   	4979700    	259800    	114300      	5530100              	443200        	86700
500   	8647000    	286700    	121400      	8418800              	379300        	89300
600   	6963800    	319600    	141800      	8336100              	333100        	81300
700   	9849500    	430700    	177600      	8027000              	398300        	108800
800   	11095800    	499100    	206900      	9961500              	518700        	130000
900   	9890700    	502200    	218700      	10437200              	528900        	122500
1000   	12953700    	711500    	308400      	11458500              	680400        	135900
1100   	13491300    	635000    	272600      	12372800              	856400        	223200
1200   	15723900    	721200    	350300      	18282200              	771400        	169700
1300   	18832500    	883300    	443500      	16722900              	814800        	186000
1400   	15891200    	1207600    	383100      	15203600              	921200        	197600
1500   	19187700    	1137600    	501200      	19115600              	955100        	209500
1600   	18799300    	1277500    	410000      	18045100              	1087200        	236900
1700   	21196800    	1295300    	817800      	27672200              	1360100        	245200
1800   	25488000    	1276800    	545600      	23012700              	1304700        	270100
1900   	25532000    	1325900    	543700      	23450400              	1947800        	284600
2000   	22840700    	1576700    	670500      	26356200              	1318300        	342200
2100   	30016000    	1498400    	656800      	28379400              	1523100        	381700
2200   	26343300    	1811100    	783800      	25739500              	1477700        	322400
2300   	30608000    	1695500    	787800      	31551800              	1805600        	328300
2400   	30823400    	1654800    	704500      	34673800              	3580900        	653600
2500   	32337500    	1660900    	685400      	33281100              	1920900        	422600
2600   	44665400    	2109400    	895200      	30612800              	2347300        	387200
2700   	44561600    	4471700    	847800      	43402300              	2100200        	429400
2800   	38983700    	2069100    	820800      	38065100              	3295100        	519400
2900   	41368200    	1967700    	821300      	40759500              	2608800        	712900
3000   	43605400    	3067900    	830600      	37624700              	2250000        	436400
3100   	39630700    	2612800    	1075800      	50149400              	2596400        	576700
3200   	44770300    	3091800    	1862600      	49180000              	2567500        	507200
3300   	48070600    	2392700    	944300      	48741400              	2653800        	546700
3400   	43758000    	2598600    	1044800      	42788900              	2438800        	501500
3500   	49202700    	3451000    	1220800      	53094500              	2651200        	521200
3600   	51905600    	2780700    	1088700      	46251800              	2579200        	530500
3700   	45800000    	3994700    	1194300      	49003100              	3214900        	792600
3800   	49730000    	2671800    	1066300      	49348000              	3418500        	697700
3900   	51065100    	4102000    	1133000      	51983200              	2832400        	576000
4000   	55752600    	3487500    	1966700      	57575900              	3648200        	734900
4100   	57198900    	2934800    	2254000      	48355700              	3449200        	659800
4200   	57110400    	3512100    	1224700      	66431200              	5104800        	797900
4300   	94942200    	4074000    	1342600      	62835300              	4035300        	683200
4400   	77626500    	3567600    	1986700      	67603000              	6166500        	1175600
4500   	72668600    	3961500    	2633200      	66760900              	4648500        	1605200
4600   	62392400    	3583700    	1385000      	62334500              	3684100        	716600
4700   	65444400    	4044300    	1393200      	64992500              	4181500        	1418000
4800   	74001300    	4607500    	1906500      	68602900              	5508300        	806000
4900   	84429800    	6120100    	1642000      	95794300              	4696200        	941400
5000   	79398600    	5760300    	1566700      	72917600              	7145400        	824400
5100   	67944400    	3999700    	3395900      	69413400              	4646000        	1332800
5200   	90290800    	4242900    	1863500      	72267100              	4727300        	803300
5300   	78927400    	5370000    	2498700      	67407200              	5690700        	880000
5400   	85541700    	5500200    	2603400      	93905000              	4711100        	1144400
5500   	82746800    	5979300    	2370300      	93625000              	4769300        	992200
5600   	78275400    	5003900    	1808100      	90369900              	5571200        	933800
5700   	79533600    	4477100    	2168500      	86793300              	5186200        	975000
5800   	86476200    	4959600    	2844200      	93444600              	4531800        	899100
5900   	86335400    	4382400    	2302100      	120385000              	9555700        	2156000
6000   	90961000    	7723000    	2223300      	84885400              	4681500        	922300
6100   	82306300    	6505800    	3374400      	85836500              	6150700        	987900
6200   	80205400    	5835400    	2321000      	88839100              	6950400        	2320300
6300   	85719400    	5802700    	3160300      	114242500              	4845200        	1076100
6400   	90861600    	6920000    	2073800      	94072800              	7152100        	1231500
6500   	92998500    	5053300    	2327400      	90313500              	7328900        	1048800
6600   	106604900    	5023400    	3277700      	91678000              	9647300        	1016200
6700   	90505700    	5491800    	2215600      	94845200              	5961700        	1058900
6800   	106586900    	5775900    	2358500      	158922700              	7861100        	1138700
6900   	101128200    	5726100    	2197400      	90545400              	5940100        	1080800
7000   	120078400    	5903600    	2739500      	88019900              	5797900        	1629000
7100   	88684700    	5328500    	2145200      	87502600              	6188300        	1174000
7200   	86623700    	5505000    	2168300      	86133500              	5643500        	1115600
7300   	95243400    	5466800    	2180700      	88326800              	5775000        	2231000
7400   	93215700    	5825700    	2279000      	85518200              	5738900        	1146000
7500   	99903200    	7708900    	2751400      	115567100              	12416100        	1748800
7600   	108670800    	5755700    	3270200      	94157500              	5997200        	1182200
7700   	95762100    	6022200    	2321000      	97415300              	6298600        	1578200
7800   	106422300    	6323900    	2833300      	96233300              	6475400        	1267500
7900   	142407200    	8239900    	3076000      	105337700              	8371600        	1420900
8000   	96909400    	7040000    	2494500      	111957300              	9039500        	1425100
8100   	102897100    	6120200    	2502300      	105469200              	6510600        	1271600
8200   	104999200    	6291100    	2505100      	111710900              	6611400        	1283000
8300   	98284300    	7662700    	2588600      	95230900              	6524300        	1296700
8400   	97760300    	7459100    	2920000      	103088800              	6609000        	1336400
8500   	107975700    	7278700    	2614500      	105804800              	7461900        	1520400
8600   	112604500    	6684500    	2712200      	101854400              	7601600        	1443900
8700   	116689900    	7444900    	2873100      	110356700              	8139600        	1383600
8800   	110628200    	9107800    	2716500      	103119500              	7055600        	1408800
8900   	109423100    	9066700    	2713700      	119282300              	7238300        	1708000
9000   	111446200    	6929300    	3299100      	103257900              	9377300        	1421700
9100   	115180100    	7074300    	2783200      	105353100              	7286700        	1517900
9200   	119307300    	7345400    	3147100      	104765700              	8886100        	1489500
9300   	108668300    	8900600    	2871700      	112825600              	7462900        	1474300
9400   	117280200    	8121000    	3081800      	114489900              	7559000        	1495300
9500   	119635500    	7393300    	2964200      	132482800              	7652600        	1526800
9600   	133209000    	7993800    	3217600      	121351900              	8273200        	2772400
9700   	119110400    	9006800    	4187400      	157554600              	8094700        	1571900
9800   	124856600    	11533000    	4161100      	139082400              	10906800        	2187200
9900   	133853800    	9674700    	3871700      	125051500              	8051100        	1586000
10000   	124409800    	10280400    	3280600      	122786000              	11780500        	1670400
