Size	Mergesort	Heapsort	Quiksort	Mergesort_Sorted	HeapSort	QuickSort_Sorted
100   	1280500    	41300    	21000      	1070300              	43000        	12800
200   	4151500    	170700    	82800      	3708900              	156600        	43200
300   	5125800    	139700    	65300      	5091300              	170000        	50900
400   	7071400    	294200    	139900      	6270900              	309800        	82900
500   	5243600    	253300    	113700      	5121600              	264400        	64300
600   	11235300    	395000    	176000      	7484900              	371200        	86000
700   	9364800    	474100    	208000      	9380200              	502900        	121900
800   	11867700    	542900    	240700      	8867900              	459500        	108400
900   	14513200    	635500    	278300      	11464400              	527700        	122200
1000   	16776900    	569400    	252300      	10795600              	592700        	133800
1100   	14744600    	803000    	343700      	16381700              	2082100        	350100
1200   	14918400    	1527700    	507900      	25016700              	820100        	178700
1300   	19567100    	1532100    	628400      	24562200              	1627000        	337400
1400   	18797900    	859300    	361200      	16888800              	882100        	197400
1500   	16348800    	908700    	388000      	16146100              	967500        	209200
1600   	28094900    	1407300    	531400      	21161800              	1166400        	239200
1700   	19431300    	1171700    	470700      	21054900              	1781400        	271100
1800   	23415200    	1119800    	474300      	19468800              	1185200        	253900
1900   	40323900    	1336700    	553000      	20934300              	1264600        	267300
2000   	26982400    	2922800    	861200      	34934400              	2995900        	631000
2100   	24124500    	2660200    	1116600      	38852900              	1825200        	419800
2200   	37984100    	1575100    	757900      	24370000              	1459500        	310500
2300   	39792600    	1651700    	662600      	31841000              	1785700        	416000
2400   	31409200    	1741300    	694200      	30190700              	2023900        	431800
2500   	29560500    	1861300    	693700      	37075400              	3026000        	651800
2600   	37057300    	2179500    	775300      	30936300              	2505400        	386900
2700   	33875500    	1984000    	787800      	33300700              	2320500        	498000
2800   	32062200    	1884200    	765000      	40688100              	2499600        	548800
2900   	35519100    	1930300    	797800      	33105200              	2241500        	437300
3000   	34185400    	2248800    	1376500      	44228100              	2684400        	600600
3100   	49943700    	2629400    	1081000      	47367700              	2169600        	453200
3200   	39329900    	2150600    	904800      	38813500              	2711900        	499500
3300   	56900100    	3928700    	2085600      	36411500              	2372400        	507800
3400   	54880400    	2393400    	1058500      	47512900              	3629800        	1007300
3500   	58505900    	2384300    	977700      	38657700              	2478400        	515100
3600   	46701100    	2516500    	1074800      	41151700              	2555800        	529900
3700   	74867300    	3988900    	1626000      	43140000              	3378300        	547200
3800   	58227900    	3144500    	2058700      	54901600              	2745300        	560000
3900   	50241200    	2696100    	1111100      	55568400              	2941600        	640700
4000   	54339600    	4884200    	2008900      	73831700              	3915000        	803800
4100   	46364900    	2911800    	1158000      	64775100              	5533900        	977900
4200   	58804700    	3062300    	1204400      	54604400              	3103700        	619200
4300   	62761100    	4543300    	2170400      	55295500              	3896000        	790000
4400   	53557000    	3108800    	1289500      	48184800              	3205800        	650800
4500   	93360100    	3650500    	1428800      	66118200              	4843500        	1503300
4600   	82754400    	3238600    	1317400      	72021700              	3452100        	688700
4700   	73604800    	4278200    	1803000      	58156000              	3462100        	709200
4800   	55861000    	3466200    	1380000      	57543700              	5282000        	1289700
4900   	61661800    	3527600    	1416000      	68578200              	3652900        	741500
5000   	63104000    	5379900    	2279600      	69551000              	3716900        	781100
5100   	58698500    	3708100    	1481800      	57678200              	5901100        	782100
5200   	86697100    	3747100    	1523600      	67037200              	5627600        	793000
5300   	98305600    	4106900    	1915800      	59903200              	3978800        	811900
5400   	76551400    	4477000    	1699700      	69605400              	4054700        	826500
5500   	83286700    	4082600    	1770500      	76407500              	5194400        	900900
5600   	74603500    	4060700    	1653500      	62923800              	7487900        	1577300
5700   	81041200    	5280700    	2980800      	74139000              	4878800        	931900
5800   	77823300    	7477600    	3102900      	75735900              	10618000        	1572700
5900   	117590700    	5818500    	4005600      	73685600              	4479500        	997800
6000   	104757000    	6395300    	2719500      	79888400              	9856000        	926600
6100   	88494700    	4466200    	1823600      	89683700              	4643200        	934300
6200   	70850900    	4575800    	1828000      	88647400              	4845400        	951600
6300   	108208500    	5392400    	2072800      	81814500              	6103400        	1207000
6400   	75530800    	4723000    	1890300      	82593200              	7558300        	2670400
6500   	105379300    	10515100    	4463600      	102453100              	5984300        	1249300
6600   	97198300    	5596100    	2102900      	100435400              	5154500        	1024600
6700   	83313600    	4952600    	2026900      	94715900              	7231900        	1486700
6800   	102118900    	6446900    	2541800      	95495500              	6401000        	1356900
6900   	92047500    	5726800    	2227100      	101597100              	8677500        	1500000
7000   	88350500    	5283600    	2102000      	99719200              	5440300        	1083500
7100   	162009200    	7777200    	3188600      	94977800              	9079100        	1933500
7200   	140430600    	6998900    	2772600      	86497800              	6273700        	1190500
7300   	101582500    	6895100    	2744600      	87310800              	5779500        	1133100
7400   	100955200    	7249000    	2390700      	87088500              	5826500        	1145300
7500   	103752000    	5908100    	2266900      	86240900              	6622500        	1245800
7600   	125582800    	5840800    	2487100      	95356700              	9636100        	1236700
7700   	163978100    	7150500    	3007200      	99674800              	6027600        	1199600
7800   	103580000    	7994400    	2786400      	90053600              	6145200        	1217800
7900   	124555900    	6788000    	2587000      	90116900              	6213700        	1230300
8000   	116497700    	6095900    	2436200      	112795600              	8430100        	2364000
8100   	131873000    	7800400    	4469300      	116819400              	7230300        	1370500
8200   	132575100    	6220000    	2542800      	120716300              	6434700        	1277800
8300   	107312500    	6522200    	2713500      	99007600              	6533500        	1302800
8400   	120882100    	7111800    	2556000      	130761200              	10107900        	1976100
8500   	125452700    	7515600    	2587500      	111433800              	6724800        	1331000
8600   	131134400    	9079900    	4393400      	122896800              	6812900        	1372800
8700   	117119000    	11132300    	6831000      	126915100              	7687100        	1453800
8800   	113636200    	6710700    	2705300      	164867700              	13598600        	2660500
8900   	119604900    	6991100    	2759200      	176677200              	7131200        	1450200
9000   	171122300    	6886400    	2797300      	129511700              	7244600        	1420700
9100   	170301600    	12573200    	2824300      	150210300              	10941400        	3516100
9200   	113035800    	8620200    	2821100      	122658800              	7355100        	1459200
9300   	165605900    	9532400    	4417800      	112986400              	8919500        	2314200
9400   	138537700    	8052100    	3529800      	123564000              	9890200        	3041700
9500   	141347500    	7329300    	3190000      	129675900              	9578300        	1629700
9600   	131010000    	11544400    	2953200      	122832000              	11571200        	1717100
9700   	114793900    	7737500    	2982300      	124773100              	15481100        	1649100
9800   	144881500    	10020600    	5254700      	134563800              	17608100        	3150800
9900   	135660700    	7765000    	3097200      	133129900              	18571100        	3049800
10000   	164945000    	7852700    	3109200      	132090200              	8131000        	1603200
