Size	Mergesort	Heapsort	Quiksort	Mergesort_Sorted	HeapSort	QuickSort_Sorted
100   	2511000    	84200    	43600      	2038000              	77600        	24300
200   	3084200    	127800    	61100      	3028000              	135400        	37600
300   	4212200    	139500    	65000      	3017500              	148300        	38700
400   	4119800    	194500    	87900      	4086700              	440200        	51600
500   	7480300    	321000    	141900      	6858500              	333700        	81300
600   	7870200    	393600    	173900      	7301200              	328400        	80100
700   	7571800    	375800    	169100      	9237800              	572200        	119700
800   	11865900    	500300    	202000      	10203100              	461300        	106900
900   	12067300    	506100    	219800      	12090300              	660900        	176200
1000   	13982300    	571100    	245600      	11046600              	611000        	134700
1100   	12421900    	661100    	276100      	12305500              	1016600        	392700
1200   	15891000    	1074800    	550000      	16413200              	838900        	177700
1300   	16384000    	779900    	327600      	16486300              	821800        	187100
1400   	21983800    	1319000    	470800      	20718000              	1269300        	273900
1500   	18993100    	927600    	390000      	16096700              	954800        	211100
1600   	21217200    	975700    	419000      	21743400              	1294000        	293100
1700   	24531600    	1367300    	550300      	23573900              	1583300        	322600
1800   	28340500    	1169800    	700000      	24830800              	1162700        	254300
1900   	25559100    	1490500    	630200      	25815900              	1666900        	379100
2000   	26971400    	1489300    	564900      	25357900              	1643300        	352400
2100   	27674300    	1668300    	700000      	31140700              	1384400        	294300
2200   	27903200    	2106400    	891600      	26738800              	1464600        	309600
2300   	26040300    	1714000    	685000      	24683700              	1537200        	328600
2400   	33755900    	1729700    	688900      	29487000              	1805800        	370000
2500   	52945700    	2485400    	1027500      	36649500              	3933600        	837100
2600   	35437500    	1699900    	710300      	36957500              	2314400        	568200
2700   	34050900    	2016100    	944900      	40217200              	2115200        	427900
2800   	33835300    	1849700    	768500      	32539200              	2193000        	439300
2900   	37133300    	2152400    	868400      	32215800              	2125400        	426300
3000   	47853200    	2696800    	1314400      	45541800              	2616900        	547500
3100   	44275600    	3139700    	1307500      	50687400              	2407100        	510900
3200   	40749200    	2161700    	890000      	43373300              	2243800        	466900
3300   	48115200    	2498600    	1125100      	36796000              	2322800        	484100
3400   	52109800    	2315400    	970700      	38234600              	2410900        	497400
3500   	65213600    	2392000    	986800      	38569400              	2483300        	517200
3600   	66262800    	4326700    	1798300      	60748800              	2557500        	536700
3700   	48509200    	2553400    	1060900      	49042100              	4670800        	956900
3800   	59821400    	2897500    	1526000      	41552300              	2754200        	562400
3900   	52252000    	2871000    	1183400      	68332100              	3176100        	625600
4000   	55242100    	3464000    	1423100      	62593900              	6564300        	1324100
4100   	62226300    	4499500    	2389900      	50136000              	3306400        	642400
4200   	63479800    	3218700    	1868700      	56849000              	3049800        	621000
4300   	59211100    	3786800    	1539500      	55132700              	3956600        	798600
4400   	56735700    	3108100    	1251700      	61800100              	4042800        	828900
4500   	50700800    	3170000    	1371800      	55574300              	4328000        	697600
4600   	63468800    	3248300    	1344000      	52379700              	3382000        	692000
4700   	65990700    	3540400    	1921300      	63579200              	4362100        	896600
4800   	60401600    	3802800    	1485700      	60164200              	7208800        	792500
4900   	67817500    	3816200    	1439500      	83442700              	7187300        	1413300
5000   	66464200    	3910700    	1454800      	58048800              	3769200        	764800
5100   	68007500    	3644400    	1482100      	91437400              	3810500        	780100
5200   	60917500    	3721400    	1520000      	91309500              	6968500        	1695000
5300   	68438100    	3809100    	1559600      	67363200              	5090500        	1035800
5400   	95709800    	4386900    	1687400      	69096500              	6108200        	1250300
5500   	80241400    	5570300    	2035300      	82622700              	8916100        	1759000
5600   	72730600    	7138400    	2682000      	74309300              	4298400        	879300
5700   	79999800    	4265800    	1788600      	78591800              	7779100        	1619400
5800   	72410600    	4214900    	1716500      	82796400              	6212000        	1110300
5900   	81224200    	5433100    	2503200      	85891300              	5199700        	963800
6000   	80516000    	4536200    	1762600      	81719400              	5757300        	1199300
6100   	89268100    	4556900    	1800300      	69527800              	5135200        	938700
6200   	100495700    	4794600    	1880000      	84266300              	4868800        	957000
6300   	79926800    	4728000    	1855400      	89063600              	6119200        	1212500
6400   	86652300    	5124500    	2070200      	85652100              	5564000        	1110300
6500   	82121500    	5357300    	2094100      	93907000              	5137300        	1001100
6600   	100355400    	6710300    	5073300      	80145300              	5092800        	1015800
6700   	83958100    	5562200    	2135000      	90895000              	13131500        	2326100
6800   	107652300    	5414400    	2156500      	90861300              	5304500        	1046800
6900   	110818700    	5163700    	3303200      	110365300              	8574900        	1749400
7000   	94075100    	9047400    	2227400      	94914600              	8226800        	1739000
7100   	111163400    	7943900    	3335400      	87550900              	6141500        	1174900
7200   	94202200    	6653600    	2272400      	97762200              	6656100        	1403900
7300   	101444600    	9350800    	4917800      	84675100              	6359600        	1190900
7400   	110457000    	6675400    	2480800      	102918700              	5763000        	1152100
7500   	104503100    	8042100    	2883400      	85478800              	5889900        	1173200
7600   	111067000    	6586900    	2283900      	112068100              	7626000        	1489400
7700   	97620700    	5819300    	2300800      	110087300              	6500900        	1504300
7800   	108110400    	5870500    	2617500      	87374000              	6088000        	1215800
7900   	111691500    	5944600    	2399700      	90515100              	7704700        	1966500
8000   	104042500    	6034500    	2465200      	131607100              	6262800        	1244600
8100   	134965000    	13005700    	4399800      	126972600              	7287300        	1359400
8200   	97913400    	6446400    	2531000      	100146100              	6464100        	1282200
8300   	117216600    	9023500    	2724700      	110957200              	8434800        	1625600
8400   	106792600    	8500100    	3176700      	97421800              	16926900        	3052300
8500   	137039200    	6545100    	2597500      	127351300              	6959700        	1492900
8600   	148218100    	9806400    	3432200      	109853000              	6785000        	1355600
8700   	119946000    	6648900    	2680500      	134121700              	6945300        	1399700
8800   	120876700    	6878700    	2686900      	113188000              	8729600        	1572500
8900   	112439400    	8007400    	2979000      	120251000              	7566500        	1402300
9000   	153608600    	19329300    	5956300      	140532300              	7550800        	1514600
9100   	110487900    	7162700    	2791500      	147208500              	13786600        	2539000
9200   	140219700    	10077300    	4451800      	112407300              	9633400        	1634000
9300   	117408600    	7158300    	3191000      	121594200              	14095200        	3601900
9400   	145250900    	11973900    	8846300      	139743300              	8723800        	1868400
9500   	119665300    	7312200    	2958400      	137714400              	9409500        	1588300
9600   	124478400    	7491800    	2960100      	129743500              	13432700        	1952300
9700   	147783400    	7713200    	2989000      	109194400              	7781500        	1579600
9800   	169862800    	7654200    	3125600      	145877700              	8095000        	1611800
9900   	148558400    	10581200    	4691900      	127484400              	9178700        	1687800
10000   	154446600    	8679600    	3346600      	151817200              	8114700        	1598600
