Size	Mergesort	Heapsort	Quiksort	Mergesort_Sorted	HeapSort	QuickSort_Sorted
100   	3280200    	87800    	42400      	2156300              	87800        	27500
200   	3264400    	86400    	41400      	2189300              	90200        	25800
300   	4577300    	210400    	99100      	4715500              	225900        	68800
400   	10713800    	381100    	130100      	8524000              	420500        	104000
500   	6263300    	443100    	201200      	9905800              	465900        	113800
600   	10365600    	394500    	242000      	8063500              	411400        	101100
700   	11467300    	389600    	189400      	8843000              	502300        	121300
800   	8604400    	441800    	192000      	9169300              	467900        	115500
900   	11363800    	638100    	272900      	11574500              	664300        	153400
1000   	13465900    	1537800    	490400      	17256700              	753500        	169600
1100   	12746600    	1274600    	537600      	20927600              	937000        	186800
1200   	15751300    	705800    	298000      	14586900              	734500        	165900
1300   	18524700    	1176500    	358200      	14618500              	985000        	183200
1400   	18393000    	853600    	361900      	21425800              	1766400        	446200
1500   	16852700    	1731200    	393900      	16315300              	982100        	215700
1600   	22228900    	998600    	420000      	17247200              	1026500        	224800
1700   	28925300    	2831700    	1018100      	23927400              	1403500        	307800
1800   	24205600    	1135100    	476000      	20506600              	1176800        	264900
1900   	49305900    	2728100    	1160400      	35712100              	1704200        	396600
2000   	39789000    	1414500    	598500      	38794400              	1451300        	312600
2100   	34564300    	2192800    	923000      	34505900              	1989900        	429400
2200   	25828300    	1429900    	623100      	31007100              	2243900        	469800
2300   	36596700    	1916000    	1249500      	36125600              	1570000        	337500
2400   	40922800    	3488600    	1491400      	50005400              	2370700        	346000
2500   	36095400    	1877200    	745200      	39124100              	2662400        	641000
2600   	37921000    	1956200    	785600      	36863300              	2262600        	717900
2700   	32941700    	1782500    	743500      	34986400              	2399400        	496100
2800   	39738300    	1955500    	764500      	30971800              	2079100        	410200
2900   	46812400    	2645900    	1090200      	42720900              	2856000        	651900
3000   	45364400    	2013900    	829000      	46373000              	3300200        	687500
3100   	42968600    	2217400    	902600      	35535500              	2166700        	451700
3200   	61571600    	5177700    	1564400      	67845600              	3606300        	739600
3300   	68381000    	5537300    	1761100      	65606600              	3269500        	679100
3400   	59640600    	2619800    	1084500      	50708100              	2501600        	521100
3500   	62409000    	5153400    	2032600      	66322500              	4314200        	933200
3600   	67152600    	2880000    	1132100      	50981400              	4626900        	530400
3700   	43562600    	2552900    	1729800      	52046600              	2643000        	543800
3800   	76412300    	3722700    	2290600      	66425300              	4480300        	930200
3900   	68541600    	3945900    	1688000      	54773900              	4240900        	930300
4000   	55825600    	3754900    	1563300      	59248600              	3850500        	784500
4100   	65239700    	2903800    	1245400      	63032000              	2961900        	606700
4200   	71602000    	7064900    	1530200      	78447300              	6048000        	1250500
4300   	90192300    	3061500    	1272200      	69735000              	5743800        	1517600
4400   	63851900    	3556100    	1347100      	56026000              	3414800        	668000
4500   	60431100    	4674900    	1641000      	72589800              	3879400        	764500
4600   	82934800    	6055200    	4049200      	74657900              	3446300        	701800
4700   	67998600    	3999400    	1378500      	104254300              	5312600        	1491000
4800   	88240400    	6585500    	2851400      	94354600              	6563500        	1344000
4900   	82028300    	3591700    	1459300      	81840100              	4537800        	932300
5000   	75639900    	4290400    	1824500      	62104300              	4659900        	956600
5100   	81095200    	4863700    	2411200      	66583100              	3838200        	798300
5200   	81702800    	7319400    	3432800      	94713500              	6153400        	1279600
5300   	73979800    	6698300    	3100500      	97126400              	4018100        	816800
5400   	92881000    	4529100    	2112800      	84768600              	4227500        	827800
5500   	87938700    	5150600    	2027400      	69791500              	7909800        	1051500
5600   	92449600    	7283700    	3764800      	102903400              	4684800        	1468700
5700   	82172200    	6482100    	2095400      	137151600              	5636300        	973400
5800   	79254900    	5817200    	2158100      	93498800              	6578500        	1214200
5900   	83642400    	6035200    	2173500      	81467000              	6640900        	1904000
6000   	101158200    	6224400    	3067800      	85712000              	7277900        	1445600
6100   	94971400    	4500600    	1836100      	109185200              	10516500        	1061100
6200   	102989000    	10309200    	4098100      	108988300              	8533500        	2178300
6300   	104177800    	5639200    	2194800      	105568000              	9032100        	2112800
6400   	98787700    	13548400    	4409900      	122183100              	5582300        	1051000
6500   	111788900    	8525800    	1964800      	114058500              	7608500        	1121000
6600   	119904200    	6350600    	2448300      	75786900              	5523600        	1019300
6700   	104067600    	8704800    	2550900      	109997600              	5342300        	1162900
6800   	96665300    	5257200    	2038700      	87964400              	5518600        	1117400
6900   	113279300    	5207200    	2098600      	106862500              	5469000        	1071300
7000   	106297500    	15225000    	4693900      	125821500              	5668300        	1190800
7100   	132412300    	7013200    	2349200      	97488600              	8999600        	1999900
7200   	146518000    	8656500    	5657800      	135048900              	10089300        	1568100
7300   	111344000    	12438200    	4132200      	102260200              	6885600        	1211100
7400   	116411600    	5638500    	2227800      	127044900              	5904800        	1174800
7500   	132983500    	5726700    	2280100      	163361600              	15433300        	3159600
7600   	127621000    	6161400    	2293200      	137741200              	6822900        	1575000
7700   	121305200    	7655600    	3115000      	105056200              	6053200        	1211800
7800   	129575400    	6007100    	2428200      	103524800              	6965600        	1784500
7900   	124779000    	5977600    	3193200      	135440700              	6656400        	1231200
8000   	124293100    	11590300    	4578100      	153882900              	11208700        	1564400
8100   	164035300    	6647100    	2839700      	147251600              	7118300        	1366700
8200   	118900300    	10283000    	4754000      	122836500              	6855000        	1283400
8300   	117805000    	10578500    	5645500      	143084700              	8499100        	1626600
8400   	121039300    	8901700    	4030200      	115442900              	10091200        	1997300
8500   	139749500    	11355600    	4536100      	111473500              	6767900        	1351700
8600   	152432900    	17555700    	6966600      	162183300              	8670200        	2699300
8700   	140417000    	10101500    	3431500      	120905200              	7311700        	1733300
8800   	122198500    	6782200    	2795900      	144094200              	12020000        	2126500
8900   	124462500    	9074400    	3720900      	119185000              	9277600        	1534800
9000   	136166000    	8872900    	4007600      	135665600              	11682600        	4299200
9100   	149618100    	7336400    	3028700      	157294900              	7677400        	1530300
9200   	160886100    	7465100    	2869900      	133629700              	7425400        	1475400
9300   	131639300    	11480300    	5600900      	151773300              	13850000        	3232400
9400   	154580700    	11106800    	5734300      	176970000              	10374100        	1881200
9500   	155878800    	7441700    	4846700      	154669000              	15348100        	2265600
9600   	131772100    	11993700    	4546500      	153660800              	8713000        	1682300
9700   	169413100    	15053300    	4485700      	173015400              	10239600        	1938300
9800   	177556800    	7804700    	3302800      	138048500              	14205100        	1979100
9900   	214914600    	16126900    	8152500      	186862000              	19585900        	3389200
10000   	154490600    	18327300    	6405000      	184492000              	8772000        	1614200
