Size	Mergesort	Heapsort	Quiksort	Mergesort_Sorted	HeapSort	QuickSort_Sorted
100   	2712200    	83600    	43500      	2385200              	87200        	27900
200   	6841600    	195900    	108900      	4626900              	203100        	57000
300   	3185400    	139300    	65100      	3021800              	144600        	38500
400   	8016400    	216800    	95600      	4558000              	227700        	55300
500   	7689700    	615600    	258800      	10824200              	268800        	64700
600   	7240000    	318900    	138900      	6464300              	330500        	80500
700   	8058500    	376600    	166000      	8145400              	399700        	97300
800   	8598700    	643000    	241100      	9076300              	461300        	107400
900   	10616300    	501800    	218800      	9616400              	821600        	184700
1000   	10754200    	569000    	244800      	20900300              	987300        	203500
1100   	19016600    	1308300    	560500      	13316600              	685500        	154500
1200   	20929500    	906900    	378200      	16607600              	1078200        	221700
1300   	17989400    	965900    	333900      	20653000              	1344100        	270900
1400   	22559600    	839400    	355800      	16555700              	1096600        	247800
1500   	19513500    	928100    	384200      	18787200              	1242400        	262400
1600   	19021600    	979300    	416100      	21665400              	1537100        	336200
1700   	23546600    	1190300    	502400      	23848600              	1113300        	238600
1800   	25781900    	1406700    	587600      	22652600              	1166700        	254700
1900   	25961200    	1234700    	538800      	26281000              	1239500        	267800
2000   	24361700    	1572900    	682200      	25586200              	1313800        	280700
2100   	31088400    	1717200    	781700      	26254400              	1389300        	294500
2200   	29196400    	1767300    	739500      	27839200              	1481500        	314700
2300   	25213700    	1876600    	707100      	29038700              	1627300        	329700
2400   	28144800    	1728100    	749400      	35481600              	2023500        	431300
2500   	29254400    	1630100    	678100      	29389300              	1744900        	364100
2600   	37618200    	1721500    	715200      	38555200              	1884700        	385900
2700   	40165200    	1824400    	753200      	38208400              	2560800        	430000
2800   	32865700    	1859900    	770100      	30899100              	1932600        	414400
2900   	38515000    	2422400    	996800      	36905300              	2236600        	425300
3000   	37529900    	2778100    	847500      	33923400              	2096700        	437200
3100   	43893500    	2082500    	860900      	47514500              	2730900        	568600
3200   	46537600    	3225100    	920600      	38246800              	2410200        	468900
3300   	37867000    	2232800    	914500      	48722700              	2887800        	850400
3400   	54325900    	3535600    	1447400      	42355400              	4242900        	872600
3500   	67011000    	3609100    	1469700      	48071200              	2479700        	514200
3600   	47159700    	2456100    	1004400      	44270800              	2941900        	565400
3700   	61766000    	5283800    	2379900      	53139800              	5565800        	1188800
3800   	57118300    	4845700    	2157400      	49264200              	4086400        	841300
3900   	60684600    	4072800    	1765200      	48174300              	3162300        	612200
4000   	45757300    	2890100    	1146700      	49207500              	4536300        	736400
4100   	47992300    	2958700    	1189500      	53762100              	2986300        	601900
4200   	50896100    	2927700    	1234800      	45743800              	3046300        	620200
4300   	73511900    	5272000    	2211500      	54619800              	7119900        	637300
4400   	53101000    	3081400    	1264600      	71560400              	3310200        	678900
4500   	72625400    	4166000    	1663500      	55679700              	3299400        	671100
4600   	60835500    	4113000    	1517700      	51844400              	3629000        	698200
4700   	59058700    	3322000    	1378600      	67194900              	5697800        	891600
4800   	56195300    	4100100    	1406600      	58504600              	3672600        	733200
4900   	76492400    	3486800    	1429200      	62335600              	3658000        	745100
5000   	91280400    	7364600    	2813500      	62582400              	3877000        	763100
5100   	67634200    	4284900    	1573400      	77666200              	3935900        	780000
5200   	79615900    	3770600    	1519300      	83461100              	4197700        	848800
5300   	70789300    	4167800    	1755000      	66867300              	3970600        	856200
5400   	81835300    	3939400    	1574100      	60196400              	4110800        	912300
5500   	86952400    	3983900    	1743100      	81323000              	8153900        	1788900
5600   	72514900    	4052500    	1640300      	91297000              	4236100        	862400
5700   	91712300    	5180100    	3903600      	75626800              	4905000        	933700
5800   	77857300    	4883200    	1844600      	69056500              	4475600        	889200
5900   	86246100    	4355000    	1731700      	66237000              	4489000        	906600
6000   	102815900    	4903200    	1930600      	112683300              	7869700        	2389000
6100   	95543300    	4547600    	1801700      	76050700              	5739400        	941500
6200   	89078200    	6896700    	3121100      	87909000              	4889400        	949400
6300   	87780300    	4830400    	1968800      	80200200              	6241300        	1222700
6400   	92612600    	4720300    	1914600      	72537400              	4892500        	997100
6500   	94616000    	4874900    	1995200      	94132500              	5463600        	2124300
6600   	92102200    	4967400    	1991500      	99824900              	5159300        	1044400
6700   	102333200    	5331600    	2011700      	83699100              	6268600        	1562100
6800   	88092200    	7543100    	3491600      	97664900              	5276500        	1049400
6900   	83741300    	9621600    	2083600      	86096800              	5338700        	1063800
7000   	99666400    	9146100    	2793200      	92481900              	6832800        	1689800
7100   	110616500    	5447900    	2676600      	95928900              	5830700        	1136000
7200   	92857800    	7480900    	4161400      	95252700              	5608700        	1125700
7300   	87068800    	7220700    	2395800      	127119200              	5723800        	1141800
7400   	107006900    	6943100    	2286400      	102517000              	5809000        	1156600
7500   	104354700    	5629700    	2256400      	98043100              	5898300        	1158600
7600   	140066200    	8070300    	3032700      	108718400              	7459100        	1554700
7700   	112058000    	7136100    	2511700      	100047900              	6081500        	1283300
7800   	109389900    	6610800    	2850000      	106871800              	6960300        	1246300
7900   	102730300    	6028900    	2459600      	101001700              	8587000        	1546000
8000   	109708700    	6150000    	2447900      	104771200              	6267000        	1247100
8100   	116481700    	6415100    	2682600      	108988900              	7970900        	1276800
8200   	112852100    	6292500    	2498400      	95720300              	8224900        	1656100
8300   	103370400    	7063700    	2693900      	137717300              	15014900        	1376400
8400   	109245100    	8293200    	4001300      	133132000              	7428500        	1405200
8500   	116315800    	6804300    	2595400      	116488500              	16119000        	3087100
8600   	120776300    	6852500    	3302600      	113817000              	7915800        	1350400
8700   	106033700    	8003800    	2793400      	112768000              	6983700        	1367100
8800   	112916500    	8423900    	4707100      	149364200              	9922600        	1511100
8900   	129581400    	8210100    	3382000      	116508600              	11014500        	2083800
9000   	123265500    	6884800    	2761700      	119713000              	7396900        	1496000
9100   	135289300    	11422100    	4168500      	121728000              	8196900        	1535900
9200   	125318800    	7530200    	3529200      	145500200              	13722500        	2370000
9300   	126386800    	9002400    	3722200      	124077400              	8525500        	1482000
9400   	118640200    	7496600    	2894700      	106653100              	7559600        	1496100
9500   	147462300    	7731600    	2921700      	113092000              	10447700        	1905000
9600   	123675100    	8282700    	3148300      	151509500              	8029800        	1619000
9700   	142314600    	7610200    	3012100      	131453100              	8843600        	2916100
9800   	128809700    	15304600    	3059400      	164000100              	8356800        	1697900
9900   	128872000    	7727500    	3068900      	112715400              	7991900        	1584600
10000   	137448400    	8666300    	3111600      	179699000              	10243700        	2009700
