Size	Mergesort	Heapsort	Quiksort	Mergesort_Sorted	HeapSort	QuickSort_Sorted
100   	2285100    	111800    	68500      	2812700              	114300        	36100
200   	3343300    	124500    	79700      	3410700              	163200        	46200
300   	7504500    	183600    	89800      	3505400              	166900        	41600
400   	6435300    	293200    	164900      	6049000              	306500        	77100
500   	5982300    	299900    	121900      	5888900              	295600        	69200
600   	7101300    	356400    	148300      	6254200              	327400        	79700
700   	7494300    	376700    	171500      	7357200              	395400        	95500
800   	16026800    	490500    	207900      	9350300              	516300        	115000
900   	14338700    	810400    	324400      	12156500              	675800        	155500
1000   	12974400    	1090200    	424400      	13233200              	749200        	169700
1100   	11836900    	632500    	282800      	12552100              	792700        	148900
1200   	16415600    	701400    	300500      	12934300              	733900        	166000
1300   	16595100    	774000    	329400      	14246500              	847800        	182700
1400   	17960300    	865400    	360400      	14983900              	880200        	197800
1500   	16581600    	913100    	393000      	16125200              	955400        	209700
1600   	17354000    	976200    	419800      	17277900              	1028700        	223600
1700   	21595000    	2537600    	790200      	33163700              	1092000        	240500
1800   	27737700    	1713700    	715500      	25942600              	1764400        	364000
1900   	22859200    	2787100    	503100      	46722000              	1394400        	300600
2000   	27066000    	1389400    	582300      	34232300              	1643900        	354600
2100   	34647800    	1374000    	578800      	22784000              	1394300        	294300
2200   	23919400    	1443400    	586000      	27119900              	1835700        	389100
2300   	51465500    	1892400    	975600      	35096800              	1564400        	329100
2400   	26612500    	1556100    	654000      	26350400              	1694900        	346000
2500   	28480700    	1626600    	674500      	41796800              	2591200        	568300
2600   	36656500    	2266300    	892700      	34288600              	1772400        	379400
2700   	30645600    	1772600    	904300      	33030000              	1857500        	396300
2800   	31708100    	2324300    	960200      	34804400              	1972100        	411100
2900   	37740200    	2588300    	910400      	36791100              	2010700        	424000
3000   	35876500    	2004100    	832400      	39185600              	2108500        	444000
3100   	34480700    	3050500    	859700      	53148700              	2932400        	454300
3200   	40795900    	2407700    	946100      	35338500              	2248300        	469200
3300   	50097600    	2890200    	1189500      	45036400              	3251200        	727500
3400   	46926700    	2312500    	949000      	37828400              	2902900        	497600
3500   	47346500    	3028700    	1230900      	43230000              	2485000        	516600
3600   	55208700    	5687700    	2283600      	52591000              	2579500        	534000
3700   	42250100    	2643100    	1034000      	41138600              	5156100        	544400
3800   	48935300    	3571000    	1275900      	41720600              	2722200        	561400
3900   	72292800    	6148300    	2784900      	56166400              	2799700        	574300
4000   	44917000    	2766700    	1170500      	44463200              	3234000        	631400
4100   	50877100    	2846800    	1190300      	57045400              	2955700        	601400
4200   	46884200    	3049400    	1313500      	50421800              	7614300        	1474500
4300   	61817700    	3088700    	1253000      	61932000              	3510000        	676000
4400   	49618300    	3097700    	1265500      	65024200              	3689700        	710600
4500   	66226100    	3548700    	2545500      	49470100              	3296200        	674800
4600   	60042400    	3244600    	1337800      	70759200              	3637400        	689000
4700   	57925500    	3718400    	1468400      	57448800              	3452500        	705300
4800   	62079900    	3524400    	2307800      	53624400              	3591400        	724300
4900   	55151300    	3514600    	1429600      	71268500              	4065000        	794000
5000   	78008500    	5066700    	2144400      	66907400              	8703900        	2015500
5100   	64781600    	8290800    	3345000      	80854400              	3970800        	816000
5200   	63134800    	4471600    	1982500      	73662700              	3956500        	795900
5300   	64359000    	4247500    	1662400      	80404700              	3975500        	810300
5400   	93261700    	5379500    	2205700      	66464000              	6892700        	1358100
5500   	78872900    	4006500    	1599700      	61202300              	4137100        	841800
5600   	68200000    	4104500    	1880800      	99228400              	4278300        	878800
5700   	78232800    	4121500    	1692300      	64874800              	4311100        	873400
5800   	142578300    	4979700    	2093900      	65671200              	4455200        	888200
5900   	97890800    	8168800    	4605600      	75874800              	4471300        	908300
6000   	72537000    	4395700    	1771600      	86755600              	6928300        	1396500
6100   	78815800    	5791300    	2339500      	100594000              	4719800        	937900
6200   	98034600    	5750800    	2298600      	93676300              	5916200        	1191600
6300   	90421000    	4644000    	1879800      	86922000              	8705200        	2180600
6400   	83532200    	4802500    	1927500      	106682000              	6302200        	1228600
6500   	75029400    	6060300    	2398000      	85230800              	4998000        	1001500
6600   	84838800    	4942400    	1998700      	74268600              	10235200        	2330800
6700   	102739900    	5488400    	2236000      	97271500              	6710600        	1410700
6800   	77090100    	5048700    	2029200      	75760200              	5237500        	1052000
6900   	114744100    	5238600    	2115300      	104213300              	8660300        	1504200
7000   	102743400    	5848200    	2233900      	106640100              	5727400        	1143500
7100   	101419700    	5340100    	2199100      	94755000              	5977100        	1655800
7200   	93006500    	5981200    	2315900      	102118600              	7422800        	1558000
7300   	91968100    	6850600    	2793500      	102783800              	5679200        	1131000
7400   	91239300    	6185000    	2416200      	94906600              	5831000        	1154300
7500   	150189400    	5626900    	2603400      	97633000              	7878700        	1567800
7600   	121068100    	7862700    	3052500      	96066500              	5967200        	1298100
7700   	105275700    	5775600    	2318100      	87081100              	6026000        	1210800
7800   	120526800    	5932000    	2359600      	110634400              	6091300        	1234600
7900   	109681800    	6013100    	2411700      	110197300              	6177000        	1257100
8000   	100303600    	6042900    	2413100      	115428500              	6299600        	1247500
8100   	133290200    	6180400    	2586900      	91208200              	6460900        	1266200
8200   	127629100    	7798400    	2494400      	92536400              	7184000        	1361500
8300   	123924200    	10210500    	5661800      	112997600              	10823200        	2864800
8400   	104492500    	6406600    	2574500      	104597800              	16723200        	2966500
8500   	103220300    	6496500    	2593100      	109930100              	6780800        	1433200
8600   	119752700    	14909700    	6430400      	132937900              	10656900        	2224700
8700   	137064000    	8389300    	3299500      	112614900              	8907300        	1740300
8800   	103956700    	7574500    	2895500      	122317700              	7854800        	1483800
8900   	105024800    	7000500    	2754600      	110759400              	7057400        	1433200
9000   	115876700    	7816200    	4932900      	116173600              	8010900        	1515900
9100   	127157600    	6977700    	2824700      	102557300              	7322100        	1440200
9200   	138336000    	8816000    	2830500      	142267700              	9128700        	2622600
9300   	112040400    	16537600    	6586100      	143457900              	8075800        	1685700
9400   	140960700    	8879400    	3638900      	131022600              	7627300        	1823900
9500   	122094600    	7407600    	2931200      	123533200              	7741600        	1512900
9600   	142870900    	7492900    	3043500      	118756000              	11024200        	1532600
9700   	137739900    	7668100    	2980700      	126898600              	7941600        	1552100
9800   	147876100    	7655300    	3019400      	113148000              	8894400        	1691700
9900   	153851300    	7655300    	3074400      	147775500              	8004900        	1591400
10000   	139181000    	8895800    	3316300      	142828000              	15879300        	3677400
