Size	Mergesort	Heapsort	Quiksort	Mergesort_Sorted	HeapSort	QuickSort_Sorted
100   	2043600    	74000    	37300      	1900000              	78800        	24600
200   	2469500    	126700    	63700      	2401000              	101400        	27000
300   	3842900    	173400    	83000      	3783100              	181600        	48000
400   	7600700    	225600    	121500      	8984300              	796300        	66400
500   	8398600    	325800    	136500      	5160100              	264400        	64900
600   	6376300    	315900    	141300      	6448100              	525900        	86100
700   	7838300    	420000    	177200      	8401100              	466300        	102200
800   	12687400    	554500    	268000      	9069400              	462000        	107500
900   	9807300    	504500    	220100      	9497800              	526800        	122500
1000   	10609300    	570100    	243500      	10537300              	592700        	135200
1100   	23863700    	641200    	281400      	11463300              	878100        	148900
1200   	22592800    	1593700    	675300      	25191400              	1875500        	479400
1300   	20897500    	1175400    	496000      	19158300              	1003500        	218400
1400   	32285600    	1105300    	486900      	17967700              	913900        	206800
1500   	20562700    	1157200    	492900      	18709300              	959100        	209200
1600   	17560500    	1101100    	426500      	20228000              	1493100        	694900
1700   	28658700    	1794100    	831800      	27552900              	1452600        	295300
1800   	27846100    	1360700    	511600      	23948100              	1302900        	270700
1900   	27861100    	1668400    	783600      	22690500              	1401600        	266500
2000   	26855700    	1457400    	588400      	27612100              	1517700        	376900
2100   	28228300    	1389800    	685800      	25490900              	1763800        	368200
2200   	28836100    	1450800    	597200      	34750300              	1998500        	331400
2300   	27860700    	1514800    	632200      	29496900              	2139100        	418700
2400   	27667400    	1563100    	647000      	32514600              	1973500        	347100
2500   	32939200    	2440500    	969600      	32000700              	1928000        	397100
2600   	34154300    	2066000    	772700      	40579200              	11397300        	3062400
2700   	50883700    	2046900    	1480200      	38277000              	2371100        	439800
2800   	40543700    	3260000    	1023000      	33794700              	2603800        	417700
2900   	45677100    	2896200    	871000      	57207700              	5699600        	719600
3000   	77036100    	4909300    	1264800      	55787600              	2592600        	475500
3100   	52060400    	3689100    	1224200      	53968800              	2686500        	501000
3200   	65464600    	3125000    	1275500      	49570600              	2929700        	513500
3300   	47624600    	3677900    	1007800      	47235200              	2664600        	528600
3400   	55799600    	3051600    	1412400      	63226400              	4097200        	933600
3500   	53424400    	3448000    	1096700      	56773500              	3734100        	582000
3600   	53431900    	4473000    	1765200      	50137700              	2897500        	572500
3700   	55950400    	2942500    	1284500      	59967400              	3641100        	795600
3800   	59390600    	4005400    	1497600      	56592700              	3274400        	619000
3900   	66166900    	4080500    	1286700      	50101400              	3341100        	578000
4000   	48127500    	3107200    	1249900      	48457100              	2877400        	587900
4100   	60492700    	2846900    	1175600      	45750400              	2962800        	601400
4200   	52281900    	3442500    	1307300      	56844100              	3110100        	616900
4300   	62166700    	3329400    	1301700      	49330400              	3530500        	676000
4400   	49830000    	3093800    	1299600      	59413200              	3203300        	660400
4500   	89588500    	3459000    	1429900      	49958800              	3282300        	729900
4600   	68949200    	3595300    	1329500      	52492600              	3778800        	732900
4700   	67975500    	3332000    	1535900      	73791200              	4380700        	757100
4800   	64871900    	3647200    	1509800      	64840900              	3652200        	736200
4900   	73806200    	3609500    	1528800      	65881400              	3633900        	750400
5000   	71030700    	3859900    	1846100      	67401400              	5547900        	984700
5100   	62696000    	3638900    	1584900      	68876600              	4775200        	1022100
5200   	65592600    	4976700    	1971900      	66314800              	3965000        	794700
5300   	75441200    	3963600    	1567500      	71881500              	4114700        	811600
5400   	86937100    	7134200    	2972400      	135022500              	5912800        	1316700
5500   	90110900    	4127000    	2371000      	68520400              	4170000        	842200
5600   	80675300    	5173700    	2117600      	76514400              	6643500        	1102800
5700   	83789500    	5817300    	2592000      	71354300              	5327500        	874800
5800   	76567700    	14572100    	11020700      	141517300              	6378500        	983400
5900   	89488400    	7415200    	2004100      	84675500              	5433400        	964000
6000   	84342800    	5035600    	3208000      	108554400              	5298600        	1298000
6100   	86868700    	5105200    	3137300      	84392200              	5267100        	1012700
6200   	78418600    	6073700    	2116900      	79061300              	4932400        	965500
6300   	85023900    	8445200    	1915800      	91440400              	6374200        	1783700
6400   	89464900    	5288900    	2171200      	91682000              	7802100        	1673600
6500   	83605300    	4795500    	1991400      	77186600              	8879500        	1738600
6600   	112912600    	5877500    	2692600      	99017200              	6415700        	1449400
6700   	91011500    	5771600    	2679200      	101418900              	7399700        	1302800
6800   	92429700    	5748400    	2234000      	87052500              	6706400        	1058900
6900   	96028900    	5756600    	2247200      	100556900              	7012400        	1179000
7000   	91372900    	5223800    	2108200      	94031700              	5507400        	1357800
7100   	87839900    	5921700    	2356100      	110319400              	5538400        	1111300
7200   	95835400    	7777200    	2178700      	139004100              	9228000        	1236700
7300   	179653100    	6315100    	2584500      	113501600              	9604400        	1651900
7400   	116459300    	8724000    	2418100      	103056000              	6152900        	1152700
7500   	107400000    	9724300    	2346500      	133447300              	9422200        	1369500
7600   	112631800    	7450900    	3384900      	97565100              	9868500        	2662700
7700   	107382600    	5810100    	2444100      	101128700              	10952300        	2109200
7800   	113498800    	7321700    	2515100      	113010200              	8090500        	2077800
7900   	98364300    	6076000    	2449100      	139022800              	6344600        	1231700
8000   	111170100    	6060400    	2574500      	97725300              	6363300        	1285700
8100   	107094700    	6254500    	2458100      	101880000              	6429200        	1265000
8200   	98312300    	10470600    	2715800      	114713300              	15464800        	3638000
8300   	115733600    	6415100    	2546600      	92629100              	6592100        	1299200
8400   	160336400    	6972300    	2612900      	111072900              	9107000        	1320900
8500   	107595900    	8171200    	3620600      	119716700              	7082600        	1458600
8600   	108716800    	15812800    	5036700      	109323700              	6820600        	1347000
8700   	108020800    	6645000    	2669300      	113929800              	6866400        	1385800
8800   	147212200    	11604500    	7035300      	142113600              	8431300        	1523900
8900   	123951700    	10181300    	3848000      	122555800              	8909600        	1766000
9000   	120699600    	8196700    	3737700      	109212800              	7155100        	1439800
9100   	108820300    	6960200    	2823900      	146767600              	15375700        	1522600
9200   	139918200    	8739300    	2908200      	120363000              	9329200        	1472100
9300   	146442700    	8118100    	3144700      	124537400              	8460600        	1509300
9400   	122729300    	8356600    	2963100      	119813400              	8681700        	1517500
9500   	117721300    	8099600    	2966100      	123039000              	12550900        	2273100
9600   	136707500    	8872100    	4287300      	133872600              	8430900        	1554900
9700   	137050800    	9751800    	4029600      	139659900              	8788600        	1916200
9800   	146968300    	9848900    	4784000      	135778500              	8569700        	2338100
9900   	131174900    	10164400    	3848900      	134497000              	11762100        	1600700
10000   	142400200    	7815000    	3218900      	173787700              	9543200        	1764500
