Size	Mergesort	Heapsort	Quiksort	Mergesort_Sorted	HeapSort	QuickSort_Sorted
100   	3389900    	84000    	54300      	2480700              	88400        	27900
200   	2241200    	94500    	44500      	2205300              	100700        	26600
300   	3225500    	141500    	64300      	3014600              	145000        	38700
400   	4092500    	193600    	87900      	5200200              	205100        	52000
500   	5187700    	253100    	114300      	5254900              	263900        	64400
600   	6325700    	315200    	139100      	6322100              	383500        	79800
700   	11613100    	657200    	362000      	10819100              	1438400        	294200
800   	8859200    	441200    	191100      	8481800              	460200        	107500
900   	18321300    	756200    	329100      	12691200              	673600        	156000
1000   	13340500    	849100    	350000      	12120100              	609500        	137100
1100   	13633500    	639800    	277200      	11709300              	663100        	149300
1200   	13078900    	703900    	308600      	12755800              	892200        	166100
1300   	17765700    	976000    	411500      	15901200              	1016300        	229000
1400   	17100000    	846300    	355000      	15507200              	936200        	198000
1500   	16295200    	977800    	383000      	16042700              	949600        	208100
1600   	19446700    	1091600    	452500      	20704700              	1145500        	240300
1700   	31271100    	1058800    	442400      	18171600              	1111800        	238800
1800   	19745700    	1119900    	471400      	19491200              	1184700        	253600
1900   	47190200    	2320900    	1025600      	31387700              	1485900        	306100
2000   	27854500    	1310400    	554900      	23946300              	1309700        	281100
2100   	30378800    	2025500    	850000      	36067900              	3060800        	844600
2200   	33819500    	2103100    	913300      	51200100              	2672300        	550800
2300   	35679500    	1693400    	718000      	32173200              	2360300        	496200
2400   	47217400    	1662000    	769100      	36152100              	2024300        	432800
2500   	28572900    	2729700    	891100      	36123800              	1699000        	368700
2600   	29524900    	1707200    	706000      	30644600              	2309000        	624600
2700   	33702100    	1801900    	742300      	30097300              	1858700        	397400
2800   	31543000    	1901600    	767500      	32110200              	1981900        	412000
2900   	36151300    	2155600    	853500      	33622500              	2021500        	424400
3000   	49909100    	2018900    	868300      	53271500              	2358300        	489700
3100   	66645400    	2499300    	1015500      	45953200              	3463100        	450800
3200   	49354700    	4485600    	2020500      	35574100              	2244000        	468500
3300   	39715300    	2274200    	927200      	37362000              	3645500        	869900
3400   	46759400    	2298700    	965000      	37661500              	2408300        	499200
3500   	75943000    	2721900    	1129200      	54900800              	2814800        	547300
3600   	56603300    	2462200    	1016000      	47473800              	2735200        	530600
3700   	59896900    	5996900    	1271900      	79785100              	4782900        	1273700
3800   	56516600    	7491100    	1144400      	52297600              	3681700        	811500
3900   	48638900    	2701300    	1106700      	43521600              	2807900        	572600
4000   	50153600    	2775600    	1224300      	50975400              	6347000        	1338600
4100   	67143100    	2839600    	1172500      	45285000              	2969600        	601500
4200   	50822400    	4161000    	1201500      	56563900              	3479600        	660400
4300   	54718900    	3340200    	1370400      	51118400              	3120300        	636700
4400   	82511200    	5432900    	2216100      	85574000              	3404000        	704200
4500   	51625500    	6491700    	2597900      	76511900              	4402000        	1056900
4600   	57182800    	3854000    	1325500      	71173600              	4075000        	739800
4700   	58715600    	3757700    	1447400      	59307700              	4012400        	754400
4800   	54278300    	3735000    	1429300      	83935000              	3539200        	726300
4900   	56500400    	3917900    	1501500      	63698800              	6753600        	886400
5000   	81398000    	3716400    	1493500      	62003000              	3718700        	763900
5100   	92467600    	4447000    	1850000      	63354700              	3791800        	779500
5200   	60975100    	3767800    	1506800      	62060100              	4891100        	861900
5300   	75618300    	4244200    	1647900      	61745600              	4030100        	808600
5400   	73535400    	4352400    	1689200      	65582600              	4060300        	826600
5500   	88529500    	8997900    	3692100      	72225200              	4134000        	842900
5600   	77504200    	5013200    	1636100      	78181200              	4237600        	858400
5700   	106932900    	5256600    	2093200      	81276900              	4318800        	872500
5800   	69812400    	4708600    	1815500      	89950500              	4502000        	921500
5900   	70413900    	4320400    	1740100      	80593000              	4968900        	1101300
6000   	70265500    	4470900    	1793300      	66851100              	4674700        	921100
6100   	99551100    	11148900    	4337300      	97862600              	6728900        	1437400
6200   	90673600    	6743800    	1842900      	84614900              	5522900        	1377000
6300   	80513500    	4644100    	1925100      	80640100              	6173500        	1233800
6400   	132217500    	8536400    	3413100      	121469500              	7983000        	1915900
6500   	92908300    	4902400    	1991100      	72115100              	4983300        	998600
6600   	80761000    	4910200    	1964700      	73147100              	5769200        	1610800
6700   	107892100    	5714300    	2184900      	79066100              	5149100        	1070100
6800   	83174300    	5034400    	2104900      	112927700              	6676500        	1410300
6900   	91805200    	5397100    	2241200      	77065900              	5322400        	1066800
7000   	110427300    	10371700    	5817500      	80344300              	5500500        	1084600
7100   	89375600    	5282900    	2221400      	94995900              	7307300        	2477500
7200   	150081900    	13843100    	5635700      	117212300              	6328600        	1195200
7300   	97485400    	5787500    	2192000      	100755700              	13735200        	2304700
7400   	84564700    	5569800    	2208200      	107989200              	5752100        	1179200
7500   	107008600    	5724100    	2279000      	133206900              	9311900        	2723900
7600   	120540100    	8766000    	5625600      	94669800              	6094000        	1181200
7700   	106495000    	6906300    	2323700      	92124000              	6024000        	1198300
7800   	125555300    	6224100    	2375700      	96526200              	6994800        	1293200
7900   	119215400    	5977000    	2387000      	93071100              	8883500        	2787600
8000   	97800100    	6121900    	5574600      	109549800              	6617200        	1350100
8100   	100779700    	6910900    	2631400      	135009500              	7991900        	1583100
8200   	113103800    	6271700    	2508800      	92890700              	6450200        	1313300
8300   	107583900    	12722000    	5770200      	94625900              	6623700        	1295200
8400   	144771700    	6467000    	2604800      	135832100              	8843500        	1733400
8500   	111969900    	7236700    	2782400      	115911500              	7023300        	1392400
8600   	160065000    	8325600    	3283500      	99357700              	6881600        	1351600
8700   	136636900    	8837900    	3506100      	108074600              	10045000        	1520900
8800   	119984000    	6747900    	3495700      	119739500              	6969300        	1390400
8900   	120563000    	6822100    	2934000      	128363500              	7177300        	1403900
9000   	120896800    	7074500    	2940400      	102187700              	7145600        	1428800
9100   	120436500    	6970700    	2782600      	132901800              	16318700        	1477900
9200   	145890500    	8910200    	3522100      	117203800              	8213400        	1551700
9300   	124828700    	11452800    	3090000      	111186200              	7523100        	1487600
9400   	120544000    	7280400    	2979400      	105716300              	7517000        	1494900
9500   	130168300    	17106600    	6707600      	163322900              	9969800        	1949200
9600   	137018800    	9649200    	3744600      	127915900              	8149300        	1639200
9700   	140726100    	11040200    	3319200      	127581900              	9948100        	1941500
9800   	150791900    	9670300    	3843100      	136061300              	8415100        	1567400
9900   	124904600    	7674800    	3066800      	136019900              	8254300        	1692200
10000   	148575400    	8055900    	3305700      	140565600              	9567600        	1729400
