Size	Mergesort	Heapsort	Quiksort	Mergesort_Sorted	HeapSort	QuickSort_Sorted
100   	2005900    	65300    	33300      	1783100              	68400        	27900
200   	3029900    	128800    	60600      	3727700              	135900        	55200
300   	5586100    	248200    	112000      	5269400              	254600        	67200
400   	4435900    	194500    	88700      	4214800              	205100        	52300
500   	7159700    	322700    	169600      	7217400              	401700        	97700
600   	9726000    	515600    	212100      	6216200              	327500        	79900
700   	18800100    	1094200    	474600      	17292600              	828300        	197600
800   	13638600    	694900    	431100      	14095500              	500700        	117300
900   	17396200    	791800    	345900      	14204300              	602600        	131200
1000   	14083200    	598300    	257400      	11207000              	749700        	168600
1100   	11950100    	796400    	347700      	15088900              	1166600        	265100
1200   	20822300    	1124300    	477600      	17678000              	834300        	190600
1300   	16522900    	862200    	361200      	17490000              	802500        	185400
1400   	20514400    	843200    	366600      	19098800              	1097200        	248800
1500   	20220000    	1022000    	477300      	18333600              	1194100        	290600
1600   	20957400    	1089100    	443300      	19976600              	1173800        	238800
1700   	23278700    	1578500    	672500      	26281100              	1401900        	305400
1800   	24433000    	1228400    	1034900      	25062800              	1195600        	366500
1900   	29664000    	1487600    	623000      	21423300              	1236300        	270400
2000   	24980700    	1258800    	546600      	22399400              	1308000        	280300
2100   	25867700    	1329200    	565100      	22742600              	1401600        	293600
2200   	31320400    	1404100    	600100      	53994100              	3292500        	685100
2300   	44267500    	1990700    	797500      	28661800              	1633900        	346600
2400   	48017200    	1635500    	650700      	41783200              	1668800        	346100
2500   	28142700    	2885500    	1347400      	39636500              	1899100        	390700
2600   	33779700    	1827000    	741000      	32760800              	1962800        	380000
2700   	32122400    	1841100    	731900      	30636500              	2183700        	396100
2800   	35263700    	1847900    	763400      	32861700              	2683700        	512900
2900   	40616200    	1935600    	800300      	39286200              	2007300        	467500
3000   	37433200    	2024300    	819100      	32626600              	2088500        	437800
3100   	39607400    	2316900    	927700      	40406400              	2458100        	572400
3200   	49584000    	2155200    	927800      	35005700              	2507100        	473700
3300   	49396000    	2227600    	918400      	36099900              	2341400        	484800
3400   	50098700    	2309300    	944200      	41586200              	2405500        	500400
3500   	48752000    	5526500    	2443600      	81420500              	5832300        	702500
3600   	56517200    	2493900    	1018700      	42419700              	2890400        	565400
3700   	64269000    	2657000    	1097600      	62424900              	2639100        	546900
3800   	49117400    	3122600    	1154900      	41986800              	2722600        	559600
3900   	45680400    	3947900    	1092900      	88619500              	3365900        	810500
4000   	71053100    	3002100    	1151300      	47484800              	3296100        	1175500
4100   	57892400    	3493900    	1247100      	87523400              	5336600        	1258600
4200   	59702400    	2959100    	1527900      	46636200              	3245100        	626000
4300   	65634900    	4728500    	1918100      	60594500              	3320200        	720300
4400   	49040800    	3085900    	1268900      	48708400              	3256400        	649700
4500   	57325500    	3154400    	1302600      	77020300              	3358300        	683500
4600   	54717000    	3231200    	1365000      	59195500              	3379900        	693500
4700   	87858600    	3380700    	1373900      	51915200              	3498700        	709000
4800   	54880500    	3689900    	1422700      	78084400              	5672500        	1288300
4900   	58810600    	3527900    	1437700      	54339900              	3645900        	746700
5000   	74422300    	5330300    	3261400      	75370600              	5083300        	1004900
5100   	77372200    	4075700    	1518500      	66865800              	3918800        	782200
5200   	85645200    	4307800    	2122300      	64157100              	10238400        	1790500
5300   	61999200    	3838600    	1559800      	60334100              	4488200        	869100
5400   	89536000    	6871100    	2787100      	127195000              	6697900        	1445800
5500   	79582700    	3979500    	1599600      	75691700              	5490700        	1098500
5600   	74403900    	4526500    	1759600      	76107600              	5675700        	1097100
5700   	94133100    	4409200    	1705400      	63576500              	4594700        	873700
5800   	82696000    	10198900    	3276800      	74148100              	4915700        	951000
5900   	88993300    	4531400    	1746600      	90711300              	5411100        	1087900
6000   	70399900    	5417900    	1836100      	88600900              	4563800        	919900
6100   	84257700    	4467400    	1823800      	67512500              	5359400        	938300
6200   	112401300    	7007300    	2803100      	77746200              	9920600        	2139600
6300   	88798600    	4652200    	1861000      	90818900              	9679000        	2286800
6400   	94770400    	5886400    	1895700      	102555700              	6618500        	982600
6500   	81221500    	4797600    	2066700      	81913400              	6830200        	1292100
6600   	97891700    	6119100    	3682100      	118715400              	5673300        	1110700
6700   	91383200    	5541700    	2134000      	85147000              	6396700        	1055500
6800   	108993400    	5258800    	2168400      	83300600              	6754800        	1054600
6900   	90712100    	5148000    	2069000      	77061800              	5335700        	1080800
7000   	104978100    	5303500    	2109700      	78383600              	5440000        	1082100
7100   	115986500    	8840900    	4867600      	90844500              	15246600        	3324600
7200   	101842400    	5569800    	2165700      	88079000              	6654900        	1195900
7300   	99613800    	6103800    	2372200      	90229800              	5687100        	1131300
7400   	101455500    	5576300    	2246700      	107499100              	5779800        	1810200
7500   	117657900    	5723400    	2284300      	91640100              	5909300        	1208100
7600   	129683900    	8411500    	2592700      	128377700              	6042000        	1188300
7700   	101226400    	6503100    	3253900      	86708600              	6053200        	1196200
7800   	99642500    	6100900    	2570000      	94370900              	6857600        	1292500
7900   	107206600    	6014700    	2452800      	87961100              	6200000        	1232700
8000   	119373900    	6797000    	2607400      	100699600              	14954600        	2907600
8100   	151983400    	6820700    	2801600      	120687300              	6487500        	1267900
8200   	96517600    	6238100    	2490500      	103994100              	6517200        	1298800
8300   	100699600    	11143600    	4671200      	103780000              	6557900        	1485600
8400   	104990000    	6470000    	2623400      	105466700              	7458900        	1404400
8500   	120762600    	6555300    	2603000      	120721600              	6854500        	1333900
8600   	123383200    	6598100    	2616700      	123282600              	11450300        	3360700
8700   	120305300    	7636300    	2643000      	143137800              	9902100        	1931000
8800   	119140500    	10066900    	4162100      	107746500              	7888700        	1479400
8900   	150841300    	8886100    	6273800      	117653700              	7940300        	1793400
9000   	114228100    	6950900    	2806600      	127181400              	7168300        	1418000
9100   	140439900    	8575300    	3488600      	133861900              	8389600        	1478100
9200   	125741200    	7873300    	3034600      	137439700              	7431500        	1460400
9300   	173405200    	8717900    	3837300      	131299600              	13830100        	1541300
9400   	140027400    	8080000    	3087400      	131001400              	7901200        	1517400
9500   	187494200    	8987300    	2952600      	134657500              	7815800        	3079400
9600   	117223700    	7492600    	2945600      	118648300              	7750800        	1530600
9700   	157816600    	11292500    	3021700      	129357400              	7846500        	1548700
9800   	156476200    	10880900    	3232000      	131390400              	7922000        	1565700
9900   	158772900    	18054600    	6177100      	156329600              	10852400        	2783700
10000   	132053000    	11652800    	6955100      	163745500              	11125900        	2114600
