Size	Mergesort	Heapsort	Quiksort	Mergesort_Sorted	HeapSort	QuickSort_Sorted
100   	1514900    	36100    	19100      	1007800              	53600        	12000
200   	3217300    	124500    	55500      	3282900              	101400        	34200
300   	8887200    	223300    	90900      	3821800              	181700        	39100
400   	6142900    	293800    	134100      	7005500              	205600        	52100
500   	8275500    	635800    	191900      	8842100              	466400        	117800
600   	7890800    	354900    	148300      	7030200              	384700        	85300
700   	9185800    	378800    	167700      	7317600              	394000        	95000
800   	9562900    	509100    	204000      	11737900              	922900        	214700
900   	14495900    	502600    	219900      	9694700              	602000        	126800
1000   	10607200    	568200    	247400      	18208400              	649900        	153300
1100   	17853600    	646600    	280000      	14118200              	1659100        	359800
1200   	22349800    	819800    	319500      	20393700              	1306100        	291300
1300   	14937000    	772000    	327400      	20105900              	1416000        	319700
1400   	30225100    	894300    	391800      	30565200              	1987300        	443000
1500   	22292800    	1025100    	438200      	20873600              	2316200        	509500
1600   	34668200    	980500    	413300      	26826000              	2371300        	637800
1700   	19449500    	1047600    	446200      	30207600              	2505600        	542400
1800   	20294200    	1648600    	481300      	27173500              	1162900        	254500
1900   	38620400    	1192100    	495000      	24291100              	1241700        	266700
2000   	33997500    	1284200    	569500      	21836500              	1312200        	280900
2100   	27407600    	1350200    	555600      	24681600              	1633500        	313900
2200   	50027200    	3248500    	1334700      	27556600              	1461400        	312600
2300   	41673400    	1559600    	655400      	34620400              	1553000        	335300
2400   	54790700    	2349900    	998000      	36512000              	2769500        	520900
2500   	32249300    	1665400    	713900      	32484900              	1811200        	371700
2600   	34114700    	1698600    	709700      	32903700              	2002900        	430700
2700   	44538100    	2350700    	936500      	33157400              	1871100        	411600
2800   	40218800    	2350200    	1021700      	31300800              	1944700        	409600
2900   	44060500    	2198100    	853800      	52934800              	2286200        	452900
3000   	54515700    	2049200    	848500      	33466800              	2314700        	601700
3100   	41180800    	2326900    	933700      	36242700              	2416500        	481000
3200   	42684400    	2685200    	1129400      	41373200              	2435500        	481500
3300   	39810400    	2263800    	1036500      	49055100              	2977900        	545300
3400   	46794100    	2578800    	1029300      	41792400              	2429200        	498300
3500   	74188400    	3315000    	1571500      	50551700              	2680100        	514600
3600   	61083000    	4338700    	1808700      	65579800              	2922700        	585900
3700   	54857900    	3055800    	2776500      	72194800              	4471500        	1029300
3800   	61605300    	2663100    	1141400      	58265000              	6227000        	1258300
3900   	65549000    	2750700    	1097800      	42960800              	2822500        	589700
4000   	70063000    	6860500    	2582600      	57779300              	2921100        	589100
4100   	70435100    	6578900    	2738300      	56378500              	6952400        	1519500
4200   	80939100    	3192500    	1284900      	60816800              	4974200        	997400
4300   	75097800    	4465100    	1576500      	52074400              	3155800        	637300
4400   	74453700    	4343200    	1739900      	67906800              	4532000        	1208800
4500   	65484300    	3318200    	1338900      	58367000              	4220800        	1541400
4600   	75235600    	5698000    	2324500      	76079500              	6242400        	1239800
4700   	68799500    	5061300    	2456200      	66853100              	4328300        	891300
4800   	115685400    	3938000    	2074300      	70882200              	4861500        	916100
4900   	72556400    	3470000    	1429500      	68244800              	4244700        	984700
5000   	71226900    	3624800    	1456500      	77930500              	5611500        	1653300
5100   	62164200    	4579300    	1863500      	62573200              	3814600        	780400
5200   	73768200    	7661200    	4015900      	106594000              	4915900        	1000600
5300   	104784700    	6957400    	1608900      	85580500              	4404800        	886200
5400   	94519100    	5663900    	2367000      	93599300              	4362800        	826500
5500   	116127200    	7778800    	2651200      	101413400              	5874000        	1336200
5600   	98972700    	7098900    	2721200      	87803900              	4227200        	873400
5700   	92795400    	4935900    	3379500      	111659400              	5352400        	1147400
5800   	102980200    	5414400    	2129600      	68965700              	4456200        	897400
5900   	114406900    	5365200    	2197500      	89164200              	5879300        	1207200
6000   	96543800    	8691200    	2663600      	92179200              	5839700        	1271300
6100   	93147900    	5650100    	2248900      	82988100              	4696400        	935500
6200   	102866400    	9483300    	3805700      	89620800              	4747800        	949100
6300   	124235400    	8816200    	3844000      	123799600              	7677900        	2409500
6400   	105773800    	5505100    	2184600      	124150000              	7125200        	2275600
6500   	96974700    	6406100    	1951500      	104102500              	6291000        	1071800
6600   	96206600    	6842900    	2368300      	90021800              	5233700        	1946200
6700   	97337200    	6276500    	2516600      	90645400              	6504400        	1288100
6800   	86905900    	5047100    	2015700      	102471600              	6861400        	1477300
6900   	124417500    	6247500    	2339100      	110662200              	8036900        	1598100
7000   	104394900    	5339600    	2141300      	113021000              	13106100        	2461100
7100   	154044400    	6479500    	3302800      	115408000              	8597400        	1669500
7200   	122149400    	6437400    	2807400      	110017600              	7597700        	2265200
7300   	102673400    	5665600    	2236300      	105855300              	5830600        	1134500
7400   	111019200    	12772700    	5365700      	98516400              	5752000        	1151600
7500   	143073300    	6396100    	2454800      	156398600              	10849200        	1766500
7600   	111036900    	6376800    	2436500      	114856900              	5943300        	1185000
7700   	118440000    	12453100    	5925600      	122404100              	8105600        	1694900
7800   	125293800    	7384600    	2983700      	106111600              	7028200        	1721800
7900   	107218400    	6035900    	2392300      	120120800              	8596300        	2444100
8000   	118949000    	6030700    	2462300      	136017000              	7311300        	1472000
8100   	116154200    	8661400    	5210500      	106078000              	6441500        	1263300
8200   	122130300    	7013500    	2662400      	93679500              	6604700        	1277700
8300   	144645600    	14127800    	4315400      	161588300              	10627900        	2385200
8400   	110925300    	16492700    	4218800      	110541500              	6834000        	1330400
8500   	162226600    	6932500    	2963000      	115484200              	14772200        	3338600
8600   	117475200    	6660900    	2696800      	133176900              	6927200        	1348800
8700   	141729900    	15896200    	4823100      	106558000              	6999400        	1382400
8800   	136642900    	6855600    	2793000      	121521000              	8127800        	1476800
8900   	154739700    	13746600    	3972400      	147197900              	7081200        	1428700
9000   	133259500    	7038600    	2810200      	121081100              	8029200        	1523100
9100   	154180700    	8860500    	3566000      	156592300              	8372200        	1673300
9200   	158811700    	7198700    	2821600      	136910200              	14911500        	3387800
9300   	148009200    	16507500    	6224000      	121318200              	8353600        	1578700
9400   	141727300    	7641800    	3971300      	128242200              	17301400        	1691300
9500   	170896600    	8363100    	3173000      	160583500              	7642900        	3875800
9600   	155275600    	13160000    	5051300      	148300100              	7749400        	1532300
9700   	153456100    	7524900    	2979100      	146704700              	17582000        	3168900
9800   	169315700    	18940200    	5423000      	172480700              	8506600        	1970900
9900   	139877800    	18278900    	5530500      	173275400              	12656500        	2155300
10000   	163235300    	7987500    	3149700      	169896700              	8985600        	3780500
