Size	Mergesort	Heapsort	Quiksort	Mergesort_Sorted	HeapSort	QuickSort_Sorted
100   	2213700    	96200    	53200      	2745000              	133700        	37800
200   	5267900    	226200    	86100      	4986100              	165600        	41700
300   	5966200    	244700    	113700      	5480000              	435900        	85500
400   	6678800    	293400    	132900      	6246300              	309500        	84200
500   	7139200    	316000    	141900      	6580100              	334100        	80600
600   	9872900    	493500    	211000      	9192200              	470500        	106700
700   	8960300    	474300    	207700      	9004200              	394100        	95300
800   	11656600    	550800    	238500      	11232700              	590700        	138200
900   	11767400    	806900    	298100      	11783100              	700400        	153400
1000   	12045400    	712400    	346400      	12826800              	606900        	134000
1100   	12391600    	660000    	273800      	11984800              	668100        	148700
1200   	13539200    	706100    	310400      	13197400              	920600        	211800
1300   	16235200    	862500    	349400      	15892200              	916400        	197300
1400   	18889900    	844800    	355800      	24599100              	878800        	203700
1500   	20701800    	917200    	383100      	22966600              	957000        	209500
1600   	26485200    	2084000    	956400      	30250000              	1647000        	359400
1700   	32390300    	1297900    	561900      	23160900              	1126700        	245500
1800   	22091800    	1256000    	503800      	27001600              	2151200        	445500
1900   	28478600    	1789200    	816600      	28387500              	1870800        	343500
2000   	22762200    	1262600    	531000      	21496300              	1395200        	333600
2100   	23177700    	1339200    	571100      	23064000              	1457000        	294900
2200   	25760000    	1803600    	591900      	44866300              	2559900        	543600
2300   	41303200    	1967600    	825900      	26670800              	1545400        	331700
2400   	34727800    	1553100    	649200      	26140200              	1655000        	345100
2500   	27705500    	1720800    	674700      	39022200              	2468400        	515300
2600   	38230200    	2835300    	1283100      	33804900              	3083500        	383300
2700   	32320200    	2229200    	938900      	41226700              	2201000        	395200
2800   	40553800    	2334800    	969300      	32319500              	1937600        	411600
2900   	37336600    	2160200    	869900      	33331200              	2015700        	427900
3000   	64184700    	4006000    	1665200      	51219700              	2957600        	613800
3100   	56557200    	3219200    	1241400      	39646500              	4351000        	903600
3200   	47648000    	2268800    	893500      	36809200              	2852600        	585100
3300   	42967500    	2233500    	929700      	35866500              	2389300        	482800
3400   	62201300    	4899700    	1003900      	41899200              	2404800        	499100
3500   	47396000    	3574600    	1464600      	48688500              	2499300        	557500
3600   	50943800    	2539600    	1013400      	53840700              	2632400        	539400
3700   	57214700    	3269000    	1319200      	45875600              	2640300        	546800
3800   	61161500    	2963800    	1217500      	45364200              	3548700        	560900
3900   	47764500    	2774700    	1160600      	53524900              	3415000        	701800
4000   	51476800    	2891700    	1309700      	48950100              	3236800        	628600
4100   	60899600    	3893600    	1492900      	51910600              	2958800        	777200
4200   	48544700    	2944700    	1234000      	56051100              	3822700        	670900
4300   	72405100    	4229800    	1246400      	54122600              	3722000        	683400
4400   	51801500    	3192900    	1306600      	59599400              	3344100        	697300
4500   	61319600    	3786000    	1321300      	57819000              	4251700        	842100
4600   	61602100    	3415900    	1626800      	61537400              	4860300        	709200
4700   	63985600    	3404700    	1370000      	60997100              	3972000        	1081100
4800   	60638700    	4295400    	1790600      	57420400              	3587900        	724100
4900   	73910800    	3897800    	1538100      	67226600              	3638500        	744300
5000   	63168700    	5447500    	1489300      	71553400              	3758600        	778400
5100   	66257200    	5157600    	1846900      	64754100              	4804700        	976900
5200   	64135200    	3798000    	1509900      	64521800              	4083600        	795300
5300   	64495000    	4290900    	1646400      	84241800              	3972500        	828200
5400   	90335100    	4314700    	1623700      	116237800              	4891800        	897800
5500   	76811600    	5748400    	2070600      	80860500              	4513600        	1422300
5600   	71222500    	5126600    	2033200      	68884600              	4466200        	861700
5700   	76497600    	4194000    	1662800      	73901700              	4955900        	1023900
5800   	104288800    	5825300    	1901200      	79134200              	5519100        	967100
5900   	82454000    	4430300    	1767500      	70497100              	4506300        	905000
6000   	87063500    	6976200    	2383900      	79887200              	4576000        	919100
6100   	84665700    	6933900    	1794800      	98068600              	7202900        	1068800
6200   	107333700    	6426200    	2837400      	86402700              	5429100        	1013500
6300   	91766800    	7218800    	2480100      	79051200              	4856400        	969700
6400   	86136500    	4774700    	2255800      	82678000              	6909200        	1291200
6500   	86068000    	5135800    	2526800      	80861200              	10504600        	2063800
6600   	86354200    	5017600    	3009300      	81197600              	5863900        	1100700
6700   	91025600    	4963100    	2005300      	94512300              	5779300        	1119000
6800   	97248700    	5820600    	2220000      	90125500              	6889800        	1197100
6900   	83139500    	5773700    	2094200      	129993100              	7783100        	1645900
7000   	90065500    	5265100    	2112100      	111667300              	7800600        	1777200
7100   	93713700    	6608200    	2690000      	92481700              	5680800        	1106100
7200   	125550000    	6370500    	3476300      	104896800              	5851100        	1118100
7300   	97513400    	6107100    	2351900      	120005100              	7568500        	1502900
7400   	101334600    	13217000    	4756000      	128189800              	9732400        	1942400
7500   	111300900    	5642400    	2269500      	97905900              	6239900        	1177200
7600   	88899800    	7269600    	3036100      	93961100              	6092700        	1223600
7700   	101434600    	6114800    	2501700      	109715100              	6006100        	1198900
7800   	92050900    	5909500    	2363500      	96794000              	7715300        	1227300
7900   	123596200    	6017900    	2463300      	105072800              	6212600        	1752800
8000   	126157200    	6032400    	2617700      	124371300              	7070400        	1331000
8100   	123955000    	10688100    	4535700      	93959700              	6378900        	1266800
8200   	126681800    	6211300    	2542200      	159155500              	8692300        	1695000
8300   	112034800    	6292100    	2574200      	120450600              	8602000        	1650000
8400   	139101500    	9717100    	3830300      	115206700              	6620500        	1331000
8500   	126124300    	6444500    	2589000      	106329900              	14308900        	2167700
8600   	109464300    	6664600    	2643800      	113901200              	8910600        	1729800
8700   	106463600    	6820300    	2674400      	127201500              	8666800        	1499000
8800   	115169900    	7536000    	2911300      	113713700              	7017500        	1475300
8900   	149242100    	6942400    	2935000      	105230000              	16882900        	1974600
9000   	132039400    	6912100    	2810400      	139848800              	7216800        	1442400
9100   	158755900    	7456600    	2821000      	123362900              	7862600        	1611500
9200   	105587700    	8011400    	2839500      	125769800              	7792000        	1835100
9300   	133089100    	17847100    	3261400      	141978700              	7438900        	1498700
9400   	124076300    	13066900    	3768500      	114413900              	8423100        	1620900
9500   	145726100    	7348000    	2911100      	147814500              	7644500        	1515400
9600   	146771900    	7648800    	2983800      	117609400              	11179000        	1637600
9700   	116631700    	16778700    	6706500      	155409900              	11808400        	2323800
9800   	164607600    	9631900    	3808200      	127742800              	14757800        	3528900
9900   	178477700    	8649200    	3293800      	114701700              	8056800        	1587700
10000   	145178900    	7914000    	3183500      	145927100              	14852900        	3207400
