Size	Mergesort	Heapsort	Quiksort	Mergesort_Sorted	HeapSort	QuickSort_Sorted
100   	1342200    	46000    	24300      	1126400              	38800        	12200
200   	2335600    	85900    	40800      	1965800              	90000        	24900
300   	3112300    	175900    	82800      	3183000              	145700        	38500
400   	4902600    	200100    	88600      	4030700              	204500        	51500
500   	6268200    	254400    	114000      	6653400              	320600        	75500
600   	6509500    	348400    	141500      	7030700              	329700        	80800
700   	7453700    	422000    	166200      	7287600              	395600        	95700
800   	9950100    	445500    	190000      	9559700              	689900        	161200
900   	9647600    	524600    	221400      	9550300              	526900        	124700
1000   	13164700    	567500    	243200      	10478200              	596100        	134200
1100   	13778300    	632100    	271900      	11507200              	688700        	149000
1200   	12826700    	704200    	298800      	14757500              	739300        	166200
1300   	16109400    	1253500    	326100      	16066400              	808200        	234600
1400   	17279700    	846300    	356500      	15011700              	878600        	198400
1500   	18484500    	911700    	384600      	15960000              	950300        	209600
1600   	20936300    	1196000    	531000      	19435200              	1021700        	223900
1700   	20688200    	1049400    	443800      	18124500              	1501100        	240500
1800   	19653800    	1112000    	474700      	22324700              	1568600        	418700
1900   	22069200    	1193400    	500500      	20456800              	1249000        	266700
2000   	27420100    	1261100    	529000      	21509500              	1384100        	283100
2100   	22773700    	1333100    	562400      	22456600              	1402700        	294400
2200   	28577200    	1563200    	622500      	26873000              	1496700        	314800
2300   	26599600    	1481500    	656000      	24720900              	1565500        	328800
2400   	27182200    	1548600    	641500      	28256300              	1632300        	348100
2500   	29555100    	1631800    	682600      	27267500              	1694500        	361500
2600   	33164200    	1760300    	702400      	28784200              	1812100        	401700
2700   	30152700    	1775900    	735800      	29520100              	1859500        	396400
2800   	40616600    	1874500    	950300      	31556600              	2386200        	439900
2900   	36584100    	2190100    	917300      	38905400              	2007600        	424800
3000   	34648200    	2675900    	1240200      	32446000              	2092900        	436400
3100   	37850800    	2074000    	863300      	37865100              	2168100        	453200
3200   	35267700    	2532000    	891100      	34662600              	2251600        	467600
3300   	36226800    	2229800    	919500      	35905500              	2325200        	483400
3400   	41688600    	2302300    	944100      	36895900              	2404600        	552500
3500   	40922200    	2448500    	988900      	40449200              	2495100        	514600
3600   	42211000    	3076300    	1027000      	44076700              	2567300        	528700
3700   	44362100    	2655200    	1047900      	40527300              	2640100        	545400
3800   	45193900    	2742600    	1118400      	44018000              	2745100        	600900
3900   	47516200    	2688700    	1139000      	42920000              	2795400        	574400
4000   	51124100    	3623100    	1376500      	45232300              	3220200        	626700
4100   	45344800    	2842100    	1157900      	45368100              	3307700        	643500
4200   	46621400    	2960800    	1185200      	50436700              	4087100        	935800
4300   	52219300    	3003800    	1246300      	46866600              	3125800        	639100
4400   	49568700    	3725900    	1270600      	48662700              	3200000        	653300
4500   	49852400    	3156300    	1308900      	54949200              	3678500        	715700
4600   	61343400    	3967400    	1321200      	55539300              	3452100        	688200
4700   	56440300    	3341500    	1358800      	57228600              	3476000        	712600
4800   	56993100    	3404500    	1382700      	57046900              	3537900        	726900
4900   	60015100    	3674700    	1530100      	58941600              	4060400        	794600
5000   	58093300    	3554200    	1460600      	63320800              	4056300        	758900
5100   	59756000    	3653900    	1476000      	59289900              	3816500        	779400
5200   	58625800    	3730300    	1503000      	67182500              	3885700        	795700
5300   	59878200    	3804300    	1542900      	61037300              	3969000        	808800
5400   	67411100    	3901000    	1587300      	64645400              	4103300        	825600
5500   	70438200    	4629200    	1831400      	67496900              	4695700        	1363300
5600   	67581700    	4103300    	1632800      	67902300              	4250600        	865200
5700   	70455600    	4614800    	1793600      	66710800              	4307700        	875000
5800   	73233600    	4227700    	1711000      	68034500              	4953700        	948300
5900   	72164900    	4362000    	1754800      	69793200              	4491500        	908200
6000   	67242900    	4367500    	1786200      	74913700              	4598800        	922500
6100   	69208500    	4460600    	1789600      	75901800              	4640700        	935400
6200   	77865200    	4545000    	1989900      	72987100              	4839500        	952500
6300   	77280100    	4730800    	1927700      	71772600              	4810200        	968200
6400   	77733600    	5453700    	2041600      	79557600              	4904100        	984800
6500   	74301600    	4805700    	1932500      	78642500              	6224700        	1422000
6600   	79907800    	5868900    	2097300      	79615600              	5971900        	1030500
6700   	84006000    	4967900    	1988700      	79167100              	5279300        	1061900
6800   	91670400    	5139200    	2083700      	83400400              	6055300        	1063000
6900   	90643400    	5262800    	2527300      	86771000              	8630900        	1076700
7000   	109392700    	6032800    	2382500      	122353300              	10506300        	3216800
7100   	99297300    	5514700    	2201600      	90833700              	7333000        	1155700
7200   	130834400    	6006800    	2315700      	88052200              	5602600        	1112800
7300   	92336900    	6158000    	2428200      	89349800              	5832500        	1181900
7400   	87722900    	5545800    	2218300      	86700500              	6223900        	1170500
7500   	89336000    	5906300    	2300700      	90701600              	8439400        	1243800
7600   	95402700    	5778800    	2339700      	86368400              	6362100        	1378400
7700   	96284200    	5855700    	2423700      	86773700              	7056700        	1255000
7800   	93375300    	5884700    	2338700      	89586000              	7243700        	1214900
7900   	96878000    	8159000    	2405700      	90481100              	6714500        	1240200
8000   	98686700    	6068900    	2551300      	103173800              	8876500        	1941400
8100   	102140100    	6206700    	2540700      	103570800              	6473000        	1285700
8200   	97076600    	6222100    	2483200      	97031300              	6457700        	1454000
8300   	102470700    	6272300    	2593700      	96314200              	6556100        	1299100
8400   	99365000    	6529800    	2555100      	96460900              	6632000        	1316500
8500   	100754700    	6497100    	2905300      	98625000              	6686400        	1330600
8600   	101775500    	6597900    	2604400      	100641200              	6794100        	1364100
8700   	101807000    	7786800    	2779500      	105896700              	7691400        	1456600
8800   	111782700    	8692700    	3042700      	106032100              	7082700        	1386000
8900   	108813800    	6815000    	2793300      	98864100              	7168200        	1405700
9000   	114488000    	8794500    	3264900      	118345400              	7156200        	1422400
9100   	103114600    	7097100    	2804200      	107841000              	7257000        	1459200
9200   	104425000    	7133000    	2835000      	106059500              	7432600        	1459500
9300   	111892300    	8133700    	3205400      	108391300              	7408900        	1474700
9400   	115198800    	7299500    	3146500      	111827100              	8859200        	2417200
9500   	121449200    	7311200    	3047600      	110385000              	8217800        	1536100
9600   	114933500    	7724600    	2973400      	120229400              	10077700        	1538100
9700   	112860100    	9068700    	3242300      	152613000              	8396500        	1568800
9800   	123392800    	7625800    	3020400      	112695800              	7945400        	1592400
9900   	115131800    	7703800    	3063200      	122392400              	8793600        	1595600
10000   	123502500    	8707000    	3149000      	120698300              	8070600        	1601200
