Size	Mergesort	Heapsort	Quiksort	Mergesort_Sorted	HeapSort	QuickSort_Sorted
100   	1689400    	56600    	28100      	1905500              	80200        	23800
200   	5022700    	134000    	72600      	2887200              	90000        	25600
300   	4730000    	212200    	97500      	4718200              	220000        	58400
400   	9543100    	556800    	202400      	8807100              	412200        	109700
500   	10149000    	678000    	240800      	10314200              	468500        	133900
600   	8106900    	355100    	150400      	7533500              	329400        	80200
700   	9048200    	531200    	178200      	7366400              	572700        	96500
800   	9969100    	470400    	189300      	10208200              	515600        	115600
900   	13757300    	503000    	217200      	10730500              	788700        	183000
1000   	10592800    	621800    	246300      	11282700              	610800        	135400
1100   	16831900    	960300    	413000      	12073000              	677100        	149200
1200   	14444300    	783200    	320900      	18666100              	1120600        	286600
1300   	20751800    	1782500    	741800      	15367300              	824400        	183800
1400   	16158600    	847200    	355600      	22666100              	1798500        	402500
1500   	20978300    	1148000    	488600      	20537100              	2312800        	488700
1600   	20782800    	1108200    	444500      	17930400              	1880100        	223200
1700   	28018600    	1354800    	579300      	23434500              	1235000        	258300
1800   	27061400    	1122700    	474300      	22159400              	1305100        	269800
1900   	22217600    	1327900    	559700      	30986600              	2734900        	620900
2000   	27876600    	1263400    	525300      	23813800              	1366500        	323600
2100   	26336500    	1374300    	593400      	38334800              	2078600        	442400
2200   	33995900    	1423000    	598600      	32630500              	1586300        	311400
2300   	45440600    	2288900    	971100      	46277100              	2707400        	404900
2400   	32598700    	2434700    	952600      	46089500              	2878600        	607000
2500   	36451200    	2316200    	853300      	29565700              	1726300        	370700
2600   	32674000    	2478900    	779700      	34518100              	2220600        	472200
2700   	34882000    	2252800    	919700      	32444300              	1869300        	396000
2800   	42773700    	2890600    	1208100      	45430000              	2101400        	410300
2900   	41119200    	1929800    	796400      	43869300              	2087900        	439800
3000   	40720000    	4550700    	1983300      	41504200              	2108800        	439300
3100   	53147300    	2076100    	1448300      	48555100              	2724600        	566600
3200   	49811000    	3375000    	1337100      	44985600              	5001000        	563500
3300   	43814300    	3254700    	1831200      	43821000              	2964600        	695700
3400   	41213200    	2490900    	955100      	38360600              	2419000        	497000
3500   	51025800    	2389000    	1100900      	55139900              	2633100        	547200
3600   	48409700    	2488100    	1011100      	70339300              	7712600        	817700
3700   	51455400    	2867200    	1114200      	48157400              	2685900        	545000
3800   	49389100    	3403200    	1360600      	49843600              	2757500        	557000
3900   	53323400    	3775400    	1480700      	55670800              	2870400        	573000
4000   	74702000    	3461300    	1415900      	71104200              	2972500        	607800
4100   	72540500    	2988700    	1379500      	56826500              	6518800        	1211500
4200   	64858800    	5224800    	2115000      	49248100              	3042900        	617500
4300   	82874600    	5351300    	2238600      	62938400              	3133000        	637500
4400   	68469500    	6386900    	3022000      	67169900              	4880900        	980100
4500   	67967000    	3198200    	1349600      	72467800              	5718400        	1006700
4600   	68810100    	4251300    	1427800      	61272500              	4245800        	868700
4700   	67943100    	3327800    	1383500      	54802500              	4237000        	773600
4800   	70394100    	7387600    	3179900      	89356800              	3709000        	751700
4900   	71353500    	4531000    	1812300      	66269700              	3685900        	759400
5000   	79723500    	4710000    	1959600      	69343200              	4178200        	844300
5100   	78621500    	3711200    	2237100      	80752600              	4341700        	851800
5200   	75471700    	4806500    	1881600      	66713500              	3905500        	812400
5300   	70479300    	4407000    	2022600      	74777000              	5455700        	1064400
5400   	77475600    	4002800    	1586100      	71736600              	7514200        	2259700
5500   	88926200    	4088700    	1646800      	68655500              	4327700        	842000
5600   	89599900    	4776800    	1772800      	79709100              	6786000        	1554600
5700   	84428200    	4139500    	1681400      	82978200              	7580500        	1669900
5800   	85304700    	6201800    	1698000      	72421300              	4978700        	952000
5900   	92004400    	8353100    	1842100      	76605100              	4534800        	982400
6000   	128939600    	8756800    	3650600      	76861800              	4814300        	1041900
6100   	112758800    	4471500    	2214100      	74777000              	5847800        	1179700
6200   	96276300    	5684600    	2389900      	75283300              	5927800        	1188300
6300   	96002800    	6031200    	2997200      	84736200              	4967300        	980400
6400   	91069000    	6143800    	2665300      	88733900              	4940000        	983500
6500   	120205200    	6728400    	2973800      	94871500              	6001300        	1280500
6600   	117732200    	4911100    	2026700      	81295700              	5165800        	1015900
6700   	109290800    	8952700    	2023900      	98009100              	5455200        	1120800
6800   	120378100    	5125600    	2044600      	78825300              	5290800        	1050700
6900   	111710800    	7518000    	2200800      	86884600              	5450800        	1063100
7000   	103398600    	8358600    	3160600      	96920700              	5573200        	1095900
7100   	116697100    	5333900    	2320300      	91613500              	9230000        	1193400
7200   	107206800    	7293600    	5049400      	120167600              	7737500        	1572300
7300   	99818300    	5556500    	2180900      	96868200              	10049600        	2712500
7400   	110886500    	12751300    	5151600      	146350400              	6982100        	1402500
7500   	127253200    	6293900    	3351300      	102308900              	5967200        	1161200
7600   	130080000    	5734300    	2293000      	105926200              	6945900        	1314600
7700   	138055600    	6465700    	2591600      	124170500              	6837700        	2156800
7800   	126313300    	6027100    	4714300      	98458800              	13443500        	3032100
7900   	149546800    	6017500    	2417500      	89582500              	7721800        	1245400
8000   	125852800    	6066800    	2561400      	135331700              	14172200        	2203800
8100   	132871000    	10387700    	4627600      	134417800              	11232900        	1274500
8200   	113487000    	7105900    	3158800      	92068700              	6524000        	1303800
8300   	118922300    	7194000    	2729400      	131999200              	6539000        	1304700
8400   	137006600    	6464400    	2556100      	140267800              	6839800        	1381000
8500   	153802600    	7240300    	2761900      	106495600              	6948600        	1334600
8600   	143726800    	10032100    	3506600      	135078100              	8047900        	1456400
8700   	102175100    	8914100    	2840800      	149097800              	7093100        	1364800
8800   	135236800    	6715900    	2699300      	122867400              	13775200        	2945700
8900   	126789300    	6828500    	2715400      	142605600              	13771200        	1407900
9000   	135926300    	9228900    	3541600      	107251000              	7220200        	1443100
9100   	135231700    	7025600    	2840100      	154142600              	11568800        	2516000
9200   	139477400    	7989600    	2877400      	163311200              	15983400        	4422700
9300   	158494500    	16268200    	6918100      	170987300              	14026000        	1855300
9400   	166494100    	10076000    	4893900      	138920400              	7579200        	1516600
9500   	133500100    	9256800    	3294500      	133315200              	8014500        	1652800
9600   	136739300    	8102700    	3038400      	144728800              	7954700        	1529100
9700   	150430800    	7516500    	3025400      	127072700              	17933300        	3506600
9800   	168354500    	7637600    	3182500      	141789000              	7886500        	1619700
9900   	144718900    	13885600    	3084900      	135689900              	11195800        	1733100
10000   	193189600    	9356700    	5976500      	148251700              	8770600        	1612900
