Size	Mergesort	Heapsort	Quiksort	Mergesort_Sorted	HeapSort	QuickSort_Sorted
100   	1804900    	40500    	20800      	1327300              	51600        	18400
200   	3124200    	119800    	54300      	2700800              	219700        	27300
300   	6315700    	243300    	107900      	4911900              	219000        	52600
400   	5251300    	217600    	93800      	4626400              	229600        	55100
500   	6113500    	283800    	130800      	6861200              	301300        	70800
600   	8613700    	318500    	141400      	8214900              	381300        	87100
700   	10080100    	665300    	196900      	9247700              	447700        	103500
800   	11216400    	445900    	196900      	10434800              	467100        	111400
900   	13319000    	584400    	283100      	13982400              	650000        	220200
1000   	17138600    	657000    	254200      	14215800              	1922900        	202500
1100   	23360800    	1207300    	569700      	23829500              	1195600        	358100
1200   	24776200    	1524000    	449300      	23952900              	1118900        	206100
1300   	23396100    	879300    	375800      	17006400              	912200        	221500
1400   	20325500    	939300    	383300      	18201700              	877400        	198300
1500   	21006100    	1140100    	486200      	20475400              	1186000        	261800
1600   	18338200    	998400    	426100      	17946800              	1142200        	239000
1700   	20189600    	1136500    	448300      	28046400              	1653500        	298900
1800   	25517000    	1168900    	482500      	22640500              	1178700        	261400
1900   	25946800    	1427100    	552000      	27795300              	1273700        	272900
2000   	28837500    	1428300    	584900      	30554600              	1434000        	290400
2100   	42164700    	2253100    	887000      	34017600              	2431200        	392100
2200   	32550900    	1882000    	649900      	32508600              	1876500        	509700
2300   	34435700    	1805600    	698200      	55151000              	12340400        	646700
2400   	73351000    	2927400    	1080700      	38910200              	2273400        	836000
2500   	51172600    	2906300    	1321700      	48176400              	2678500        	558400
2600   	45547300    	2037000    	771800      	40934900              	4528400        	637700
2700   	45998000    	3436800    	1002100      	58971700              	2161900        	457200
2800   	53046600    	2376600    	968700      	56258400              	2232200        	453800
2900   	46616900    	2369700    	937300      	37741200              	2011900        	427000
3000   	39731000    	2048000    	865600      	36650200              	2699200        	455700
3100   	71553300    	4313400    	1733400      	46496200              	2715300        	787900
3200   	57118600    	3449400    	984100      	43873000              	2512100        	509200
3300   	61578500    	5191500    	1378900      	60840000              	3455300        	539500
3400   	63071400    	2646900    	1337200      	52202700              	4592100        	749600
3500   	52983700    	2873800    	1048500      	63630800              	2929400        	702800
3600   	53420400    	3160600    	1399100      	53749600              	2914300        	581100
3700   	56987900    	3218600    	1191200      	56303100              	4052400        	589100
3800   	58385300    	3592100    	1240100      	50001500              	3183900        	754000
3900   	51325200    	2693800    	1094700      	48145500              	3865300        	720400
4000   	54606200    	3122600    	1425900      	48219500              	3235700        	628400
4100   	57135200    	4239400    	1517900      	56296000              	4394200        	974400
4200   	62742600    	2943000    	1465200      	49881900              	3850700        	775000
4300   	62349200    	6061500    	2558100      	68032100              	4416600        	872000
4400   	60856400    	3307300    	1318500      	48730900              	3227200        	654300
4500   	70489600    	4889300    	2013500      	61209500              	4141700        	838700
4600   	60993000    	4885700    	1940800      	67842400              	3825700        	865200
4700   	53005700    	3328400    	1359500      	61357800              	4814800        	1063000
4800   	89800600    	3420300    	1406300      	61016100              	4430700        	906300
4900   	58495700    	5929600    	1839200      	72408600              	4583100        	954400
5000   	68265100    	8156900    	3376000      	84318700              	3709400        	764400
5100   	73989800    	5567600    	2305900      	64463500              	4237800        	830500
5200   	77276700    	3723500    	1510600      	65914800              	3968800        	791700
5300   	83210600    	8782900    	3044000      	64699600              	4148700        	810200
5400   	87721600    	5174100    	1574200      	91582900              	6535100        	884500
5500   	88215900    	5778400    	2013400      	102348600              	5969000        	1277900
5600   	80265200    	5048300    	2130000      	76531900              	5110300        	1075200
5700   	71638300    	5780300    	1731400      	74732200              	6337800        	1198400
5800   	74504500    	5447700    	2210300      	72591500              	5608900        	887200
5900   	89486900    	6198600    	2382400      	68158600              	4486400        	908100
6000   	103082200    	6000000    	2262300      	72139900              	5151400        	1190200
6100   	109522000    	4847700    	2066700      	111296400              	6284900        	1955300
6200   	136258900    	5831800    	1986000      	88449200              	6464700        	2080100
6300   	93347000    	4699100    	1893700      	94840500              	7728800        	997100
6400   	123636300    	7174600    	3204600      	115354400              	10301200        	2254900
6500   	106995400    	5414100    	2824500      	101031200              	5186000        	1019400
6600   	90958100    	5667600    	1989600      	86231100              	5138100        	1020700
6700   	89183900    	10072500    	3509300      	89375800              	11368100        	1130200
6800   	94706600    	5958000    	2447100      	118775700              	6001000        	1191700
6900   	89217300    	6432400    	2236800      	93323300              	9981800        	2137400
7000   	93357600    	5242000    	2130600      	113826700              	5448500        	1183400
7100   	114010600    	5291900    	2144100      	136890300              	8486400        	2545200
7200   	150572800    	7778000    	2762700      	114500500              	6282900        	1203200
7300   	96226000    	5475200    	2260300      	90424700              	6344000        	1256400
7400   	108359100    	5538600    	2318200      	91376300              	5773500        	1145300
7500   	101294700    	7081300    	3266600      	88463600              	7557100        	1455200
7600   	116262700    	7212500    	2887200      	93825600              	6113900        	1181500
7700   	118032900    	7225800    	2978000      	91520600              	8488200        	1511000
7800   	100500700    	7325400    	2385300      	99165900              	6978900        	2589900
7900   	100220300    	6648500    	2375800      	141250700              	14558600        	2106200
8000   	151666800    	6363100    	2418700      	133304500              	8404800        	1723900
8100   	115847300    	6127600    	2766500      	109056900              	9980100        	1355700
8200   	104465000    	6219700    	2521400      	133905000              	6445800        	1281400
8300   	122430000    	8438500    	3210200      	103771200              	10277300        	2028100
8400   	121708400    	7742800    	2729900      	110115100              	8292500        	1640000
8500   	109330500    	6468600    	2595100      	95046000              	7035900        	1335500
8600   	167310300    	8162100    	3346900      	123426300              	7650500        	1439600
8700   	113260200    	10311600    	4962400      	113572800              	13440900        	3317000
8800   	121590000    	6875400    	2791000      	147957200              	7007600        	1389500
8900   	114436500    	6966700    	2734300      	120957200              	15937300        	1406800
9000   	118200500    	12060000    	5088700      	120620700              	8531500        	1432000
9100   	121532300    	8160900    	2824900      	108350700              	7528800        	1446200
9200   	158663600    	9286800    	3118100      	228507800              	11200000        	1804300
9300   	183860700    	9628600    	4763200      	282637600              	31525400        	6012000
9400   	276637000    	15097400    	4290900      	158699700              	10243600        	2261500
9500   	158611400    	13707600    	5086200      	134377300              	13255000        	2035500
9600   	140679900    	9242900    	4048300      	130284500              	11471200        	2086700
9700   	144089400    	7562200    	2977700      	140599600              	14600500        	1641900
9800   	149811800    	7644500    	3066200      	144492700              	9426400        	2120500
9900   	139444400    	8555400    	3358000      	137500300              	12432100        	2045900
10000   	134689100    	7879100    	3124500      	138016600              	8131400        	1610900
