Size	Mergesort	Heapsort	Quiksort	Mergesort_Sorted	HeapSort	QuickSort_Sorted
100   	3370900    	131000    	68200      	2677500              	87700        	27800
200   	4584700    	194300    	93900      	4534400              	213800        	56100
300   	8629400    	163600    	139300      	3395300              	163200        	42800
400   	8972700    	310200    	132200      	5378700              	230400        	55100
500   	10221400    	281600    	123400      	7812800              	296300        	68900
600   	7429800    	353800    	147900      	8684000              	496400        	120800
700   	8409400    	824500    	264200      	8636500              	395700        	97300
800   	13010200    	667400    	285900      	11275800              	593600        	137100
900   	12456600    	752200    	272500      	10999800              	545600        	122000
1000   	14371400    	797800    	259800      	11119900              	593300        	135300
1100   	21947600    	808000    	345100      	16202000              	728000        	157700
1200   	28499100    	898700    	374500      	14080800              	926200        	207600
1300   	19535500    	774200    	328600      	15654800              	931200        	227800
1400   	20325000    	938100    	355100      	21911600              	1103900        	248100
1500   	16468200    	928900    	382000      	28671300              	966000        	212700
1600   	18350000    	983100    	410500      	27425900              	1149400        	240400
1700   	22031200    	1195500    	473500      	22992300              	1098700        	239700
1800   	22874900    	1644600    	840800      	21667400              	1167500        	262700
1900   	25259700    	1492800    	627500      	22856300              	1519800        	268100
2000   	38420800    	1601300    	660100      	33225400              	2042400        	356600
2100   	36823000    	2120200    	758400      	28125500              	1556100        	314600
2200   	32979100    	1510400    	618000      	23863200              	1465000        	311700
2300   	82639400    	6694300    	710400      	31702400              	1806000        	371400
2400   	33477900    	1910200    	942900      	33018700              	1662300        	430300
2500   	46991500    	5664600    	1029600      	36535000              	1934700        	396000
2600   	36359800    	2293300    	710400      	34349500              	1788000        	380900
2700   	33021200    	1776700    	740300      	40712300              	2417200        	727900
2800   	40293900    	1891100    	805700      	43450900              	3138800        	661000
2900   	38339700    	2908100    	1205100      	52452300              	3624600        	745800
3000   	47391400    	3360400    	1217900      	40130900              	3141400        	658100
3100   	49013800    	5213800    	1669600      	53000200              	2177000        	452200
3200   	50463300    	2816000    	1146100      	42789300              	2820700        	598300
3300   	80497200    	2327300    	954900      	56919700              	3214800        	646600
3400   	58996300    	4818600    	1522400      	65869800              	4337800        	954300
3500   	54050100    	4984500    	2106700      	52262400              	2569300        	533400
3600   	52968000    	6246700    	2457000      	54422300              	2599200        	530600
3700   	49228800    	2606100    	1044500      	40732900              	2708600        	547600
3800   	52349600    	2727700    	1763800      	63148800              	3058200        	561400
3900   	57447000    	2744700    	1329900      	43003800              	2887500        	576100
4000   	82087600    	4430800    	2098700      	56005100              	2894600        	588700
4100   	59006500    	2856400    	1168100      	62995600              	3306800        	646800
4200   	53432800    	6005700    	3081000      	57658800              	3405700        	618400
4300   	67925300    	3063600    	1376200      	61026600              	4588800        	900600
4400   	55612300    	3910700    	1568200      	57659400              	4366800        	835400
4500   	60265300    	3172000    	1299400      	62141100              	3293600        	670000
4600   	89824600    	4150100    	1684100      	53108500              	3410700        	689400
4700   	73945400    	6006500    	3502100      	78997400              	3688200        	709300
4800   	92326400    	3519700    	1391600      	86677900              	3594500        	744500
4900   	73081100    	7871000    	3202000      	80554000              	7745100        	2084600
5000   	85497000    	5378700    	2167600      	94078700              	5954400        	969600
5100   	72201100    	3743500    	1478200      	71017800              	3814100        	784900
5200   	81612200    	5580600    	1910400      	65078600              	4357000        	855200
5300   	82650900    	31727900    	4371400      	75264700              	3982400        	821200
5400   	71745700    	3983800    	1584300      	92034100              	4483400        	925100
5500   	78583200    	4994800    	2021800      	75093800              	4277500        	1004800
5600   	71820400    	5735000    	1945500      	77501900              	6601900        	2085300
5700   	82274600    	5195800    	1777100      	75472400              	4607700        	911600
5800   	86723300    	5837400    	2282700      	70716200              	6238900        	1557600
5900   	97360400    	6343000    	1739500      	73526800              	5057000        	965800
6000   	81342900    	5709400    	2216200      	81810800              	4598800        	923000
6100   	98422600    	4555000    	2291300      	107950100              	5426300        	1134500
6200   	82095500    	8488500    	1945000      	79235500              	4786200        	1008600
6300   	87603400    	4821300    	2053300      	120318400              	10692900        	1166900
6400   	90244500    	6559000    	2802000      	89494900              	5000000        	1036800
6500   	119730500    	8368800    	1970300      	81319700              	5026200        	1001000
6600   	109795200    	10162100    	2154300      	94582500              	5111200        	1020400
6700   	123971500    	7847900    	3137200      	87992100              	5160000        	1036300
6800   	121894000    	10193800    	5082400      	79523300              	5560500        	1049400
6900   	128663100    	7059500    	2210700      	101706500              	5439600        	1366100
7000   	139935600    	6192600    	2569200      	118556200              	5579600        	1121900
7100   	89372200    	5306600    	2212900      	143029900              	6758100        	1180000
7200   	103516700    	9054600    	3060700      	109116400              	5847300        	1190500
7300   	110305100    	8562600    	3833500      	99084000              	9344400        	1828400
7400   	118722100    	6209800    	2385600      	90133500              	5832900        	1780900
7500   	117230000    	6324600    	2449100      	103697300              	9390500        	2466200
7600   	129988500    	9868600    	2458600      	130168300              	5995500        	1212900
7700   	111710900    	10052300    	2336900      	117179100              	6097800        	1882700
7800   	110352000    	7088200    	2386500      	107189100              	8311300        	1319900
7900   	134947700    	7457000    	2935900      	115999900              	6891100        	1320100
8000   	145536700    	12197800    	6084400      	110560500              	6321900        	1250000
8100   	139128900    	6704900    	2651200      	95045100              	7221600        	1341100
8200   	140493900    	7395600    	2831900      	114872000              	10771100        	1280000
8300   	159918100    	6555200    	2540600      	138078300              	6518700        	1308000
8400   	117174800    	6386500    	2570400      	102481800              	15847700        	2413400
8500   	118375100    	6610300    	2643000      	128831000              	7260700        	2264300
8600   	145690400    	10104400    	2880300      	142916100              	7925300        	1445300
8700   	149937600    	6748800    	2731200      	135148900              	10195300        	1472200
8800   	184435000    	12038300    	3418600      	146339500              	10884800        	2186800
8900   	143042100    	9027700    	3019600      	133504300              	7221400        	1408100
9000   	165576900    	10792700    	4194900      	156915100              	9400900        	1427500
9100   	159484200    	12681000    	3302600      	128791900              	7281000        	1460500
9200   	176144700    	8503200    	3551800      	160372500              	10144900        	1713300
9300   	186528300    	10247400    	3996000      	134215200              	12665100        	1590700
9400   	137437500    	8450000    	4188800      	127234300              	7573200        	1491600
9500   	145911300    	9087400    	3964300      	128639800              	8243100        	1560900
9600   	129823800    	11081800    	3186200      	173387900              	11288600        	2430500
9700   	139679700    	7839500    	3826200      	131168600              	8925400        	2125900
9800   	159986700    	8340600    	3045700      	146587400              	13034600        	2604600
9900   	190738800    	10339600    	5254400      	140513200              	8045500        	1605600
10000   	171760700    	18013600    	7427400      	180766900              	16186700        	3703100
