Size	Mergesort	Heapsort	Quiksort	Mergesort_Sorted	HeapSort	QuickSort_Sorted
100   	2113600    	82100    	42500      	2188500              	94300        	27500
200   	5306300    	135100    	62000      	2471500              	89900        	25300
300   	7089100    	315800    	143800      	7241200              	328200        	172400
400   	8148300    	209500    	91900      	4107200              	208300        	52500
500   	10442200    	554600    	226200      	9154300              	469600        	113900
600   	9319300    	736500    	330700      	7585400              	366800        	85800
700   	11355200    	508000    	208100      	11213800              	698600        	168100
800   	11709300    	680400    	299700      	17245700              	930800        	216100
900   	17546500    	535600    	232900      	9926900              	556600        	127900
1000   	11169900    	568500    	252600      	13616700              	888400        	200900
1100   	21781500    	1330800    	568000      	17525900              	725900        	163700
1200   	18615100    	1192100    	485500      	18939700              	1905900        	238800
1300   	17560800    	782100    	351400      	14160300              	808900        	182900
1400   	19439800    	1060900    	479300      	16306600              	877300        	198400
1500   	19797100    	913300    	387600      	15997800              	955300        	212600
1600   	17662000    	987600    	414500      	17154700              	1022200        	225100
1700   	21281900    	1254200    	474700      	21690200              	1585700        	374700
1800   	27897100    	2524900    	1086700      	39684700              	1622100        	348100
1900   	23199500    	1259700    	541800      	21940500              	1398300        	285400
2000   	35389000    	1649100    	682200      	25622400              	1314800        	282500
2100   	29707400    	1702500    	727800      	45498400              	1495700        	313900
2200   	31547200    	2461700    	1378700      	31494900              	1854700        	390600
2300   	35872400    	1480000    	617900      	25142700              	1946200        	425000
2400   	34449600    	1563200    	660000      	26543400              	2058700        	347300
2500   	35127300    	1624300    	682400      	27796200              	1736300        	363000
2600   	30762500    	2568100    	1062700      	36419400              	2028200        	408800
2700   	36651200    	2390400    	792300      	30408600              	2816000        	428100
2800   	35597900    	2087600    	828000      	31333300              	1932800        	410800
2900   	36977000    	1925500    	794400      	37436500              	3024100        	639600
3000   	57767300    	2853800    	1169900      	36026200              	2133300        	436100
3100   	40241100    	2298700    	867200      	34191100              	2480300        	465700
3200   	65417600    	3449400    	1445800      	42358200              	2814400        	583600
3300   	40532000    	2261800    	922200      	39550100              	3910300        	1397600
3400   	38057200    	2309200    	952500      	46305400              	2404900        	500200
3500   	41153600    	2985800    	1224600      	44914700              	3160500        	647600
3600   	47776100    	2744800    	1277500      	43318000              	2564800        	529500
3700   	45854700    	2539700    	1045000      	41208600              	2638000        	546900
3800   	55449000    	3378300    	1418000      	52324500              	3099700        	596800
3900   	44683300    	2696100    	1117900      	60903000              	3212500        	612000
4000   	51487800    	2849900    	1239000      	44613100              	2964600        	590700
4100   	98503800    	4582600    	1885900      	63720700              	4747700        	957100
4200   	69384400    	5118900    	2101300      	64789400              	3824500        	780300
4300   	50582500    	3025200    	1278900      	47087700              	3154000        	634900
4400   	57042900    	3851700    	1618100      	53759200              	3201900        	653100
4500   	50752500    	3388800    	1314600      	49546400              	3300200        	672200
4600   	62170200    	5642200    	3206500      	52920200              	3379700        	690100
4700   	64366600    	3347900    	1349300      	59705200              	3493600        	711100
4800   	73449300    	3414300    	1434200      	53244400              	3537600        	720500
4900   	81775700    	7298500    	3283300      	58687300              	3626700        	746900
5000   	67547100    	3593800    	1990300      	83456700              	4157600        	812300
5100   	62557100    	8236200    	3331100      	89250600              	5571400        	972000
5200   	67188500    	3737500    	1516200      	64347300              	4342300        	844300
5300   	93533100    	7945300    	3480500      	85902400              	3969900        	811300
5400   	89171700    	3891500    	1590400      	92481500              	5255800        	1069500
5500   	68599100    	7148300    	3672100      	69066800              	4321600        	844300
5600   	65885300    	4625500    	1826500      	105364400              	7167100        	1621500
5700   	77237200    	4206000    	1666800      	68558600              	4409400        	872300
5800   	69073200    	4378900    	1703400      	77600800              	4489000        	890300
5900   	76795900    	4555600    	1749700      	65733200              	4553500        	903400
6000   	68852200    	7815700    	1893500      	98637700              	8395800        	1859500
6100   	77455900    	5515300    	1825000      	85250800              	4699300        	931100
6200   	86430400    	11181500    	2011100      	82815500              	4752600        	958700
6300   	80725100    	4644000    	1877100      	81695700              	4818700        	971200
6400   	83356100    	4703600    	1908400      	89424400              	9436900        	1989000
6500   	116313200    	4845500    	2046800      	97945300              	6580200        	1327500
6600   	89995800    	4904200    	2097600      	83388700              	5253000        	1015000
6700   	103735300    	5384300    	2146900      	86409000              	5261000        	1051500
6800   	81485900    	5279800    	2060700      	89020900              	9987600        	1721200
6900   	92255100    	5133300    	2108300      	102672900              	5445000        	1108100
7000   	114467500    	7007100    	2099400      	100692900              	5514400        	1080900
7100   	87481200    	5279200    	2131400      	87158400              	6155700        	1173000
7200   	89579300    	6859300    	2226700      	103634300              	6143500        	1191200
7300   	100020300    	5460000    	2305200      	93501700              	5666400        	1136100
7400   	89719100    	5603300    	2330500      	112962200              	5974900        	1196300
7500   	85393500    	5623800    	2382200      	99641600              	10809900        	1165400
7600   	102076400    	12793100    	3897300      	105440400              	6034800        	1178100
7700   	102454800    	11036700    	4940100      	97659300              	5993700        	1198400
7800   	105951700    	5872900    	2990600      	99636400              	6101200        	1213600
7900   	121920500    	7468200    	5370700      	94316400              	6261200        	1229500
8000   	117638600    	6750300    	2654000      	107556700              	11046300        	1284600
8100   	146481300    	6301600    	2607400      	108455200              	11072800        	2398800
8200   	102798400    	6208000    	2504200      	119632700              	6455200        	1278300
8300   	110463100    	6313400    	2565300      	99074700              	6546100        	1339500
8400   	108806900    	8018700    	2628500      	104634300              	7412000        	1400900
8500   	123515500    	6609900    	2746600      	100033800              	12517700        	2673700
8600   	100228300    	6542700    	2641300      	121685300              	6858000        	1353100
8700   	119817300    	7395500    	2863400      	120996800              	8617400        	1709600
8800   	116721500    	7616900    	2690900      	110984800              	7851200        	1479900
8900   	114383600    	6901100    	2747600      	100259100              	7113900        	1405300
9000   	129158700    	8311900    	2764400      	118288000              	8033200        	1519100
9100   	137687200    	7241800    	2843000      	111137300              	9161200        	1740800
9200   	112695800    	8053200    	3118700      	117921100              	10453200        	1840400
9300   	128522300    	8029700    	4076500      	115348800              	7597100        	1491500
9400   	128397300    	7344500    	2884900      	119058300              	8443300        	1591800
9500   	111568400    	11769400    	4316200      	118735400              	7676200        	1537700
9600   	121447600    	11163600    	4343600      	130091100              	9114600        	1646700
9700   	119252500    	10499000    	3052100      	139134600              	8433100        	1641800
9800   	131467900    	7669500    	3150800      	111455200              	7996300        	1592300
9900   	162159100    	9122700    	3909900      	123682400              	8237200        	1597700
10000   	125266700    	8382000    	3290200      	138220700              	8072600        	1606400
