Size	Mergesort	Heapsort	Quiksort	Mergesort_Sorted	HeapSort	QuickSort_Sorted
100   	1568200    	63600    	25100      	1179100              	58500        	17700
200   	2149800    	88700    	41000      	2543200              	155200        	25900
300   	3316100    	145900    	65100      	3211800              	147900        	39500
400   	4933900    	222400    	147500      	6254300              	324600        	60100
500   	7684600    	307800    	134700      	7310600              	277900        	66000
600   	9746300    	541600    	157200      	7284000              	370900        	108900
700   	9346500    	592200    	167600      	8993800              	448100        	132700
800   	10329400    	648200    	332500      	9648900              	533100        	142200
900   	10165100    	692000    	236900      	11077300              	593700        	130300
1000   	12797500    	647700    	267500      	11423300              	597100        	135300
1100   	13905100    	724000    	321400      	12885600              	671400        	153900
1200   	13786400    	703300    	308600      	14213200              	828500        	179700
1300   	21081500    	1122200    	1033700      	19308300              	953700        	266800
1400   	21691500    	965000    	383200      	20454300              	1022500        	246200
1500   	20717800    	1070100    	420900      	19934800              	1090900        	246800
1600   	21125000    	1109100    	458600      	19976600              	1152600        	240300
1700   	28261900    	1600000    	671400      	26737000              	1176800        	271100
1800   	24143600    	1275300    	516900      	21984400              	1304100        	270600
1900   	23865900    	1333900    	542400      	22891300              	1426800        	284200
2000   	29995600    	1679400    	903800      	24086800              	1351300        	292100
2100   	29693900    	1657700    	568100      	27135300              	1554700        	314900
2200   	25369800    	1478100    	814400      	23942500              	1481200        	310900
2300   	28036000    	1655400    	655600      	28125900              	1557900        	331500
2400   	27156600    	1658500    	690600      	32418700              	1735000        	392400
2500   	33081800    	1668100    	679900      	32463200              	1774300        	423800
2600   	35949600    	2314400    	800400      	31713900              	1775400        	380500
2700   	34393000    	1855700    	756600      	35914800              	2715300        	458100
2800   	40869400    	2156100    	836900      	36332200              	2674200        	615700
2900   	34569400    	1928300    	796600      	38034500              	2219100        	437800
3000   	34705000    	2005100    	836900      	33515200              	2089400        	438500
3100   	37481700    	2366200    	924100      	36876200              	2185700        	454000
3200   	46599400    	2167500    	914400      	40547900              	2553500        	503600
3300   	41792100    	2355700    	920900      	38566900              	2378100        	610000
3400   	39104500    	2669600    	965600      	45503100              	2435300        	505700
3500   	41093400    	2400800    	1198500      	39784100              	2630300        	514300
3600   	42928800    	2604500    	1270100      	45721700              	2600500        	541500
3700   	43870300    	2543000    	1064100      	43658900              	2643400        	546100
3800   	43392600    	2604800    	1072700      	50830200              	5140900        	720500
3900   	48441900    	3443400    	1107200      	44563000              	3730700        	572500
4000   	46415900    	2956900    	1131200      	48824200              	2900800        	593300
4100   	46143800    	3600300    	1184000      	46257200              	3312500        	645100
4200   	53245300    	4100900    	1270000      	56889300              	3479400        	666200
4300   	50338500    	3055700    	1233800      	49750000              	3192500        	632200
4400   	58890900    	3477300    	1344500      	48571400              	3206800        	669100
4500   	52289700    	3180700    	1279900      	49048700              	3288800        	668700
4600   	57402600    	3254600    	1325800      	50194900              	5308800        	1416900
4700   	59642000    	3741900    	1494300      	63220000              	3893600        	884200
4800   	57012600    	3408100    	1532400      	52707800              	3565000        	727200
4900   	62604600    	3746100    	1445100      	55996000              	3648900        	745300
5000   	60157600    	3999700    	1710600      	60987900              	4695000        	814300
5100   	64000600    	4179900    	1781100      	60449400              	3893100        	781400
5200   	69886500    	4381500    	1873600      	63211000              	4408000        	799300
5300   	60399200    	3805800    	1538300      	64816300              	4085100        	1035400
5400   	66585500    	3934000    	2180900      	67958500              	4740400        	916000
5500   	82525000    	5287000    	1742000      	70099900              	4142300        	842100
5600   	71795900    	6220000    	1849300      	69943400              	4232200        	861000
5700   	65385800    	4149500    	1659000      	66735600              	4422900        	1040000
5800   	67652700    	4234500    	1698000      	69018300              	4462800        	890700
5900   	72499900    	4576000    	1864700      	66511300              	4629100        	903700
6000   	67545100    	4378200    	1752800      	74679800              	4563600        	923800
6100   	78951500    	4463000    	1886400      	72513500              	4799300        	953200
6200   	75837700    	4536600    	1858700      	71997700              	4731600        	1109800
6300   	81783800    	4879300    	2676300      	69766500              	4840600        	1046500
6400   	88946100    	4936500    	2062900      	87807400              	9408100        	1171600
6500   	103379900    	6090700    	2752300      	81058000              	5074200        	999400
6600   	86830700    	5313600    	1998800      	90548700              	9710700        	1450300
6700   	110910500    	5328800    	2503500      	92669300              	6455000        	1126600
6800   	97193200    	5675200    	2191900      	87613100              	7043400        	1770700
6900   	115853800    	6962000    	2458400      	83965000              	5816900        	1065200
7000   	92382400    	6538600    	2640300      	86278400              	5815900        	1099300
7100   	93760000    	5373500    	2146000      	85573600              	5556700        	1104800
7200   	96597100    	5822700    	3422100      	91794000              	5599800        	1113400
7300   	96056300    	6277500    	3026700      	96636300              	5878000        	1153500
7400   	151794700    	6447900    	2412400      	93371100              	6416600        	1223400
7500   	118756400    	7616000    	2745800      	131164400              	6926200        	1480900
7600   	119013400    	7652800    	2811400      	121852400              	6635500        	1284800
7700   	98687400    	5804500    	2316700      	103490000              	6064400        	1196400
7800   	98705000    	8555300    	4798100      	167679100              	8238000        	1578900
7900   	154826100    	8966100    	3337900      	152167100              	8880000        	1708500
8000   	154088900    	9496700    	2683300      	126915500              	10230400        	1554900
8100   	136599700    	9263100    	2879000      	135839300              	7324800        	1379400
8200   	126158300    	10864900    	3368000      	122106900              	7786200        	1521600
8300   	130670800    	7550100    	3160300      	99472500              	9467400        	1301900
8400   	126691800    	6628400    	3053900      	103780100              	7098800        	1404200
8500   	109020600    	6592200    	2681500      	128599200              	8412200        	1757400
8600   	109437500    	8735100    	3027400      	103213300              	7317800        	1371100
8700   	116541600    	7514600    	2683900      	110651600              	6910700        	1374900
8800   	107167000    	9478400    	2713100      	107019500              	8822400        	1471000
8900   	108094600    	6950300    	2807500      	115408800              	7860300        	1547500
9000   	112361000    	7702900    	2966700      	111775800              	7183600        	1421900
9100   	111548200    	8076600    	4207500      	103790100              	7280600        	1441500
9200   	122481800    	8428500    	2875100      	109968300              	7346700        	1550000
9300   	123165300    	7188100    	2867500      	115734500              	8066800        	1674200
9400   	113416300    	8081000    	4361200      	117436900              	8414600        	1598500
9500   	116673100    	7366700    	2959400      	119495500              	9034700        	1946600
9600   	122550900    	8316800    	3172400      	119635500              	7777800        	1531900
9700   	132186200    	7523700    	4010400      	118494000              	7964100        	1563200
9800   	117855500    	8179200    	3035000      	118963800              	8102000        	1684300
9900   	122607400    	8794700    	3472200      	117062300              	8183200        	2183900
10000   	128266500    	7759300    	3093000      	124915700              	10921600        	1747800
