Size	Mergesort	Heapsort	Quiksort	Mergesort_Sorted	HeapSort	QuickSort_Sorted
100   	1297900    	46600    	23700      	1205100              	48500        	15200
200   	2519700    	107400    	52200      	2473700              	112900        	30900
300   	3558100    	139500    	65800      	3028900              	147400        	38500
400   	5238600    	245000    	111800      	5764700              	258100        	65200
500   	5177700    	253700    	113200      	5496500              	425900        	112100
600   	6309400    	315600    	138800      	6262900              	327700        	79900
700   	12078000    	469200    	205900      	10364800              	497700        	121500
800   	12060600    	443400    	194800      	9370600              	923200        	215200
900   	12148200    	954900    	452300      	10935300              	658800        	153200
1000   	18755200    	732300    	248100      	11524500              	592200        	134700
1100   	13249800    	635700    	273000      	13376600              	678800        	150500
1200   	17043000    	878000    	374200      	14848800              	734000        	167800
1300   	18000600    	856600    	583400      	13919900              	1321000        	188800
1400   	18489800    	847300    	368800      	18851800              	1094400        	246700
1500   	26857500    	1177100    	607800      	21020200              	951700        	209300
1600   	17903800    	979300    	413800      	20119300              	1162400        	242300
1700   	21750000    	1324300    	608100      	26237200              	1638800        	358300
1800   	25246000    	1687500    	708600      	25657900              	2857500        	648000
1900   	30972700    	1540300    	640600      	49072800              	1932700        	461700
2000   	28664400    	2321300    	693300      	33002900              	2651600        	381600
2100   	31824100    	2233400    	763000      	33208300              	1584100        	318600
2200   	29614500    	1449100    	603100      	28511300              	1642300        	333400
2300   	30734000    	1478000    	618500      	31009500              	1965000        	412400
2400   	38118800    	4372700    	730600      	39868300              	2093200        	552600
2500   	42408400    	1864600    	734100      	34452000              	1931200        	491800
2600   	37895900    	1727500    	717000      	32470400              	2320900        	413800
2700   	38169900    	1775900    	747900      	37475900              	1851800        	398000
2800   	38134800    	2313800    	964500      	55480800              	3508500        	981200
2900   	57116000    	3059600    	1107000      	40070600              	2822700        	566600
3000   	42743500    	2516200    	1035400      	41988400              	2817800        	647700
3100   	46299000    	2632400    	1088300      	39565000              	2173300        	449700
3200   	38370500    	2691200    	1123900      	41138100              	2259900        	471300
3300   	60236300    	4740200    	1432200      	58154000              	4447100        	484700
3400   	49364000    	2573300    	1697100      	48539200              	3157900        	653200
3500   	77168500    	2731500    	1985800      	48505600              	2792100        	559700
3600   	50969800    	2586100    	1107800      	50078900              	2647200        	534800
3700   	54788000    	2531300    	1040000      	44979100              	3309200        	684000
3800   	55464300    	3414300    	1372100      	47714900              	5928400        	766800
3900   	67110900    	2911000    	1790200      	53484900              	3060600        	734700
4000   	63956900    	5815200    	2315900      	53296400              	3596700        	737500
4100   	54496500    	2848300    	1167400      	57780500              	5086200        	916700
4200   	66972100    	3215100    	1810200      	59483700              	3131400        	618000
4300   	70687200    	5164200    	2543300      	73858100              	4298300        	642600
4400   	68406300    	3090000    	1298000      	102964200              	4699400        	995400
4500   	63126600    	5437900    	1843600      	58675800              	4657100        	894600
4600   	79118700    	3628700    	1407400      	69209400              	4692000        	1100300
4700   	83838200    	4818600    	1864700      	64757300              	5345400        	1080700
4800   	79854900    	5367400    	3329200      	67233900              	4189800        	729000
4900   	79550000    	4562200    	1843700      	85704300              	3629200        	782500
5000   	83141800    	4307900    	2341000      	79061500              	4344200        	975900
5100   	84267200    	4372200    	1866300      	76632500              	4051900        	777200
5200   	82096100    	4046900    	2036800      	61912700              	5847500        	1191800
5300   	94165900    	7528000    	2530700      	78141400              	6310900        	1023800
5400   	81385300    	7181000    	2341900      	83084200              	6043000        	1019500
5500   	87242100    	6590900    	2172100      	85603200              	5216300        	1054100
5600   	72218600    	4083500    	1647200      	82445500              	6353300        	1075200
5700   	87238900    	4133700    	1683400      	83149900              	5205400        	872900
5800   	81544400    	4295100    	1716700      	77894800              	5147500        	1580300
5900   	87122000    	4343500    	1734800      	82472300              	4763300        	905200
6000   	103022400    	4416500    	1813400      	84792700              	4660000        	934400
6100   	101461400    	5313400    	1922400      	78056600              	4901600        	935400
6200   	111967800    	4581600    	1855100      	79931300              	4789700        	950400
6300   	101074700    	10487500    	4082700      	110274600              	7832200        	1169400
6400   	100175700    	4746400    	1915100      	91355900              	7152900        	1231200
6500   	88025800    	4866900    	1933600      	85801900              	12351400        	2454700
6600   	114426700    	4949800    	1975300      	73954300              	7467700        	1088900
6700   	99259700    	5182800    	2056300      	84233700              	5177400        	1030900
6800   	137929500    	6570300    	2188000      	95025400              	5268900        	1046500
6900   	88755200    	5218400    	2088500      	104818900              	5328200        	1066500
7000   	115675600    	6774600    	2677700      	111601600              	7601700        	1527200
7100   	95015400    	6237100    	2108100      	103559200              	6924200        	1373200
7200   	120820200    	6635900    	2537900      	108014700              	8386400        	1683800
7300   	116621400    	6449300    	2238500      	105074600              	9540000        	1426100
7400   	111235000    	5600500    	4238300      	118418200              	9634300        	1507600
7500   	99022900    	5728100    	2256400      	116058700              	8453200        	1205200
7600   	99999300    	6095000    	2330200      	106725300              	8188600        	1474200
7700   	105232800    	6040600    	2329100      	111655400              	9488900        	1245400
7800   	125826600    	10639700    	5181900      	114659900              	15810800        	2931200
7900   	109564300    	6637200    	2492900      	127339800              	8209400        	2471500
8000   	135546600    	6498100    	2632500      	126617900              	7701900        	1264800
8100   	133368800    	7771800    	3352200      	125646400              	6814200        	1263900
8200   	134331000    	8241300    	2860400      	111653700              	7415800        	1293000
8300   	115092800    	7862100    	3248300      	123200500              	8392400        	1619500
8400   	149832000    	6781500    	2593100      	108425500              	7961800        	1316500
8500   	154068800    	10136900    	4440300      	152107500              	11324500        	2004300
8600   	135986900    	8002400    	2632600      	128915100              	10710300        	1693400
8700   	138133900    	11456700    	5685100      	159449600              	8277900        	3028200
8800   	128192100    	7649100    	5442600      	121081300              	8014200        	1387200
8900   	125383900    	9029100    	3627500      	138406700              	11905000        	1677100
9000   	128777900    	9568500    	3488300      	180134000              	9360000        	1427000
9100   	131468100    	10461700    	2822500      	187218100              	15190200        	4502200
9200   	159202800    	11467100    	4056000      	157305400              	10406400        	1595800
9300   	147843500    	8721600    	3140200      	194371900              	30882300        	9429200
9400   	223391700    	11047300    	6026300      	144569900              	15458800        	2583900
9500   	161810700    	9549900    	4307600      	150672100              	7863800        	1557800
9600   	137603200    	13168000    	3917100      	155015200              	16178200        	2358800
9700   	163698400    	12993400    	3908400      	132450500              	7912200        	1583900
9800   	152423600    	8187500    	3235100      	127029700              	13851800        	1584500
9900   	165470400    	8295000    	4948800      	120947100              	8239800        	1604800
10000   	179201900    	7882900    	3127200      	171448100              	8509400        	1702000
