Size	Mergesort	Heapsort	Quiksort	Mergesort_Sorted	HeapSort	QuickSort_Sorted
100   	1985200    	56600    	28700      	1703000              	59100        	18500
200   	3181100    	128400    	64900      	3005300              	135500        	37500
300   	6134600    	315200    	145000      	6379400              	162800        	41600
400   	6960600    	304400    	155900      	7031800              	257600        	65000
500   	6581200    	320500    	149200      	6403000              	273500        	67000
600   	6629800    	324000    	143600      	6493500              	330200        	80600
700   	10123100    	470500    	210300      	11063900              	507000        	121000
800   	8556100    	440300    	190800      	9537800              	462300        	129200
900   	19905300    	892100    	382000      	12417900              	545800        	127300
1000   	10881900    	567300    	245900      	10984500              	992800        	246700
1100   	11734200    	732400    	275700      	12107000              	662900        	149200
1200   	13325100    	702400    	303500      	12691300              	733800        	166200
1300   	14765700    	769200    	326400      	14096400              	805700        	183000
1400   	29056500    	842000    	360200      	18709000              	980700        	211400
1500   	28810900    	2093700    	892100      	24403600              	1560200        	344900
1600   	22208200    	1597300    	522400      	18998200              	1016700        	224600
1700   	18514900    	1050600    	438700      	18366700              	1093300        	238900
1800   	28397100    	1414300    	591900      	20385900              	1926700        	583800
1900   	23455800    	1257100    	530400      	21082000              	2555400        	533300
2000   	22317000    	1261200    	531200      	21728200              	1310500        	280200
2100   	26082300    	1496400    	607300      	37724900              	1618000        	315200
2200   	29323400    	1405500    	581800      	24599900              	1461900        	321200
2300   	40888900    	1681700    	683900      	38545800              	1587200        	353400
2400   	50211300    	1595500    	957400      	31193800              	1628800        	347700
2500   	32846400    	1628200    	671900      	27867600              	1724000        	396500
2600   	31431800    	2272400    	939500      	29051600              	2026600        	379200
2700   	49165300    	2026800    	836000      	33943300              	2076700        	422200
2800   	39401800    	1852300    	766200      	30666700              	1940200        	410500
2900   	42087100    	1948100    	809000      	34836000              	2750900        	898300
3000   	40762700    	2001300    	826500      	40265100              	2696500        	548200
3100   	46399900    	2461700    	916700      	48642600              	2184500        	456300
3200   	38733800    	2565900    	883600      	36145600              	2282500        	469600
3300   	68672400    	2562400    	1055000      	50499800              	3982300        	655600
3400   	45758400    	2470700    	977200      	37528500              	2508300        	497300
3500   	44131500    	2663600    	1036500      	46897200              	4646000        	1167800
3600   	64628500    	2466700    	1013000      	63281800              	3476600        	689100
3700   	47497300    	3147500    	1094300      	43938000              	2656100        	544400
3800   	44410000    	2609100    	1081100      	42288300              	2722000        	557600
3900   	52721900    	8025500    	3003000      	57027200              	4213400        	953900
4000   	64462000    	2764000    	1141100      	50169900              	3670900        	734900
4100   	60491100    	2881300    	1168300      	51177600              	3768600        	752800
4200   	53358900    	3280100    	1381900      	49442500              	3479600        	660800
4300   	59767600    	3081000    	1415500      	67835100              	6819100        	1441000
4400   	64432600    	4880800    	1297900      	64335900              	7257200        	1783300
4500   	61929700    	3277600    	1328800      	55283600              	4095500        	790900
4600   	60981900    	3305500    	1329800      	58369100              	5694000        	736700
4700   	52533200    	3333500    	1446500      	65357900              	3451100        	710900
4800   	60250700    	4396600    	1746900      	59879500              	3542900        	724700
4900   	73602300    	3480400    	1440300      	61855200              	4072600        	792100
5000   	62639400    	3564000    	1441000      	65063900              	3750400        	803000
5100   	67675500    	4083800    	1578000      	69780000              	3910300        	779100
5200   	66580000    	3759500    	1517100      	68901600              	4386100        	850100
5300   	95290200    	3809500    	1552100      	60565600              	4166300        	809600
5400   	73080400    	4348600    	1697600      	72048800              	9330600        	1623400
5500   	63082600    	3964600    	1602200      	62794600              	4273600        	841500
5600   	87407300    	4054000    	1683800      	70063500              	5443300        	916600
5700   	112383500    	4193700    	1745500      	71927800              	7623500        	1535300
5800   	85665600    	4207600    	1733000      	82629400              	4402300        	888200
5900   	89484900    	8470500    	3064800      	80181300              	8015300        	1189600
6000   	81799500    	5016400    	1780100      	81641100              	4558100        	1016200
6100   	79505800    	5587700    	2240400      	76431000              	9724900        	2019100
6200   	73781400    	10315500    	2603800      	105560400              	8206800        	1449500
6300   	78169500    	4779400    	1871000      	99214000              	5133000        	969400
6400   	101852500    	6019600    	2452200      	93135900              	7896800        	1735800
6500   	81304200    	4825000    	1933200      	97067900              	7283000        	2252100
6600   	101333400    	4886600    	2016800      	88371100              	5715400        	1019000
6700   	92017400    	5694700    	2495900      	86045800              	5823000        	1310900
6800   	82300000    	5684200    	2194300      	88217200              	10170100        	2592100
6900   	80868900    	5121000    	2051300      	109387900              	7617000        	1581400
7000   	96259800    	6357000    	2280200      	99699500              	6401700        	1383900
7100   	95665400    	6594400    	2198600      	87039100              	5725000        	1227700
7200   	91298100    	5358500    	2172400      	92981400              	8904800        	1955900
7300   	83549300    	5799600    	2174200      	87090300              	5717900        	1137700
7400   	113359100    	6106700    	2234200      	116364700              	7210900        	1225500
7500   	116135000    	11193100    	3116600      	85519800              	5844300        	1165500
7600   	114124900    	6509800    	2932900      	117210800              	6519700        	1183800
7700   	142946100    	6174200    	2432100      	86576500              	8096700        	1197800
7800   	119501400    	5850800    	2369200      	87422900              	6090200        	1213000
7900   	149436400    	9748700    	3578200      	148844100              	7122800        	1233900
8000   	104422600    	11732400    	3098600      	123691900              	9470200        	1905700
8100   	110940600    	6154900    	2444400      	113077400              	7159900        	1390600
8200   	130061500    	6350600    	2529200      	107776400              	9069300        	1613600
8300   	117330000    	7998200    	3191000      	117495800              	9259700        	1745800
8400   	111345300    	7747600    	2899100      	110742200              	9526600        	1981000
8500   	124765300    	9011300    	2711000      	107213000              	6954800        	1340800
8600   	108963500    	6985400    	2668500      	118752600              	11180700        	2309800
8700   	109195600    	8695000    	4101600      	122628400              	8598200        	1723800
8800   	110067500    	9401600    	3407500      	152501900              	9556400        	1870700
8900   	135160000    	7266500    	2975700      	116527700              	17023100        	3304700
9000   	119691900    	7828100    	3034600      	150123700              	8962600        	1786400
9100   	127345800    	7340200    	2803100      	119568000              	10049500        	1813600
9200   	122213000    	11203900    	2980300      	118783800              	7440000        	1457800
9300   	113764000    	11183100    	2870500      	156583100              	7535900        	1479900
9400   	128517400    	15000100    	3385500      	167292800              	7977700        	1628900
9500   	139055100    	8068500    	3660400      	147938500              	9612500        	1896300
9600   	136962400    	7503600    	2940000      	136962800              	8604500        	2472200
9700   	138501700    	12661100    	6926400      	134585400              	8092400        	1550500
9800   	138545100    	7703900    	3430300      	124126900              	9397600        	1562900
9900   	133396300    	8193100    	3300700      	143389000              	10213800        	1668900
10000   	132738200    	8838100    	3554500      	140104400              	9906400        	1603200
