Size	Mergesort	Heapsort	Quiksort	Mergesort_Sorted	HeapSort	QuickSort_Sorted
100   	1891500    	74500    	24600      	1105200              	43400        	13200
200   	2667600    	107200    	51300      	2643800              	188700        	51600
300   	6365900    	279800    	130200      	6873700              	322300        	96900
400   	4142100    	195800    	90100      	4074500              	203800        	51600
500   	7124400    	252100    	114500      	5085400              	262700        	64400
600   	10624500    	553700    	245100      	10264900              	471700        	107400
700   	11951100    	397200    	174200      	11493900              	585700        	134900
800   	11717900    	606900    	272900      	12524900              	592700        	139100
900   	16093200    	702600    	373100      	13448200              	762800        	173100
1000   	19120900    	770600    	331600      	14899400              	762500        	173200
1100   	13655300    	640900    	286200      	12022600              	663700        	149700
1200   	17395800    	985800    	406400      	16516800              	924400        	208600
1300   	14460200    	781700    	332400      	15526600              	822700        	184600
1400   	20378900    	1060100    	453600      	20886500              	1319500        	296800
1500   	21057000    	1277400    	558100      	23482600              	1428600        	317600
1600   	23882200    	1258500    	526700      	21940700              	1278100        	280400
1700   	19312100    	1050100    	438500      	20686300              	1866800        	254300
1800   	28197100    	2010700    	844000      	23453000              	1693100        	303400
1900   	34978000    	1487000    	640200      	27426800              	1283200        	278100
2000   	28399700    	1290900    	576500      	33471500              	2001400        	433000
2100   	27479100    	1335800    	557200      	22982600              	1413900        	296800
2200   	35716300    	2103400    	1205600      	33527000              	2268000        	441800
2300   	31105100    	1479300    	614900      	25206900              	1545600        	330300
2400   	31919900    	3518700    	1451800      	40021400              	1672400        	361500
2500   	42908800    	4268100    	769400      	45072400              	2658200        	639400
2600   	32849800    	1730400    	710600      	30669900              	2259700        	476600
2700   	36701700    	1807000    	757800      	35146700              	2336000        	714600
2800   	32993400    	1848400    	767500      	35217900              	2912700        	614500
2900   	44304400    	3612800    	2014600      	39553900              	3463000        	639400
3000   	43122900    	2010500    	823800      	37898600              	3369100        	471500
3100   	72598400    	3799300    	1886900      	67544500              	3531200        	628400
3200   	55425400    	3855500    	1444600      	57721400              	2706700        	533800
3300   	57432000    	2826900    	961300      	52467600              	3489500        	816700
3400   	42263900    	2739600    	954900      	54419500              	3146600        	639200
3500   	46827700    	4452500    	974000      	54593200              	4086100        	685900
3600   	64888300    	2668900    	1081300      	57012800              	2741400        	568800
3700   	67983300    	2632100    	1516600      	53593000              	2718700        	566600
3800   	66291300    	4146500    	2599300      	69167200              	2825400        	578000
3900   	52828900    	2824200    	1117100      	50509100              	2806300        	575200
4000   	61961200    	7004900    	2893300      	62644900              	2961700        	589100
4100   	58662600    	2912100    	1180000      	55122500              	7412200        	603600
4200   	59584100    	2931500    	1195200      	74481600              	3985300        	802700
4300   	86932000    	5776300    	1745800      	63644500              	4578000        	1464700
4400   	67825100    	5537900    	1269200      	65719700              	6532000        	1319200
4500   	64651900    	4309300    	1681300      	75520700              	5898000        	1951700
4600   	69272400    	4229600    	1993700      	61003900              	4258800        	866900
4700   	84829500    	4343800    	1769300      	84766700              	4968600        	978700
4800   	74418200    	6540100    	1402600      	89526400              	3611100        	1512000
4900   	63092500    	3741600    	1427500      	77146000              	4788500        	790500
5000   	80860400    	4899500    	2078700      	79307000              	4692200        	818200
5100   	73447900    	8642000    	3472100      	93945600              	6398900        	1381800
5200   	72676500    	5185700    	3486900      	71459300              	3900000        	786000
5300   	95576400    	9132600    	3124800      	115133700              	7295200        	1412600
5400   	87249900    	9425600    	2455000      	81457200              	4601400        	888500
5500   	123235300    	4470500    	1748100      	83138000              	5635600        	927800
5600   	79427000    	4417400    	1683400      	85470700              	6487500        	1135700
5700   	82604200    	4561500    	1852900      	98372500              	4897300        	1069700
5800   	108377800    	6947100    	2479000      	97291900              	6904700        	1506600
5900   	96840000    	6692400    	2788400      	78879700              	5056500        	1239200
6000   	98633100    	10152500    	3568300      	114327500              	7546900        	1840000
6100   	116659100    	7743000    	3103600      	104023300              	5115300        	1832500
6200   	92562400    	9926700    	4200200      	97482400              	4900600        	950500
6300   	109872200    	4716200    	1964700      	111186200              	5152300        	1028300
6400   	130505200    	5298000    	1909400      	121403800              	5507900        	1051700
6500   	144054100    	5894700    	2666500      	85477300              	6440100        	1277000
6600   	103696500    	6302100    	2646400      	88952900              	5718300        	1232900
6700   	87925500    	4977700    	2010100      	113044600              	5572500        	1084300
6800   	122627100    	5843700    	2343500      	115685000              	9120900        	1050600
6900   	100825600    	5241300    	2089500      	105689500              	6145600        	1344200
7000   	125016400    	6435000    	2856600      	103930900              	8585000        	1466300
7100   	117338100    	7780000    	4038600      	108322200              	7489300        	1425900
7200   	105080500    	6685900    	2184400      	114631900              	8221100        	2321500
7300   	111571300    	6610400    	2228600      	124693800              	9750200        	1552100
7400   	124929600    	5578100    	2269700      	128591900              	6524300        	1298900
7500   	94879800    	6446100    	2479100      	130437600              	5868700        	1173900
7600   	144293100    	6025100    	2319400      	108540000              	11371000        	2866100
7700   	154189600    	6999400    	2820700      	141992600              	6175300        	2228500
7800   	121238200    	11444500    	5611200      	139912000              	9918800        	1938900
7900   	132520400    	14432000    	3754200      	137110100              	11873300        	2764700
8000   	118199600    	6211800    	2491400      	117905300              	6324100        	1407200
8100   	143728500    	9910700    	5301800      	142788200              	14318100        	2950400
8200   	149960900    	6218000    	2590600      	151215300              	9804100        	1457800
8300   	116458900    	6666100    	3216400      	114100900              	6869000        	1411600
8400   	113726600    	7596500    	2739300      	178769900              	12884300        	2395500
8500   	149696900    	12252700    	6479800      	153763800              	11632600        	1458700
8600   	131686800    	7091600    	2679300      	169121700              	10807300        	4076300
8700   	150031600    	12622600    	3734800      	133278500              	11316800        	1437400
8800   	161142500    	10474200    	5876100      	119759500              	13900900        	2429400
8900   	172984000    	11778600    	6158100      	163361800              	9080900        	1755900
9000   	132313100    	8622400    	4595900      	108869100              	7181500        	1779700
9100   	131051400    	7784700    	3018500      	134971400              	14906800        	1607600
9200   	125279200    	7292500    	2847400      	160830500              	7649900        	1533600
9300   	151646700    	17105400    	3739800      	179623600              	13008800        	1577700
9400   	131406800    	9316100    	5772100      	128993800              	18145900        	3393400
9500   	194921600    	9169300    	4708700      	151149100              	9305200        	2306100
9600   	154493400    	7429500    	3963700      	136780700              	13837000        	3072700
9700   	158316500    	11391000    	5157500      	144692400              	14534700        	1984300
9800   	156319600    	7998900    	3168100      	171009100              	10522900        	2088300
9900   	167845300    	11498000    	4723700      	159761700              	16820700        	2114200
10000   	179860100    	10130900    	3915500      	148535800              	10971600        	2675000
