Size	Mergesort	Heapsort	Quiksort	Mergesort_Sorted	HeapSort	QuickSort_Sorted
100   	1416000    	47400    	23300      	1175700              	39300        	12300
200   	2397500    	86000    	41100      	2018400              	91600        	24900
300   	3214400    	142200    	65100      	3689700              	165400        	42500
400   	4721800    	218400    	100000      	4595000              	231000        	55700
500   	7344600    	578100    	129300      	7474800              	284000        	111600
600   	8636100    	355200    	152300      	7918400              	334300        	81600
700   	7842600    	383000    	190700      	7335900              	392900        	122700
800   	8479500    	439800    	193200      	8302900              	461600        	107400
900   	11390400    	506400    	220600      	10063900              	526400        	121300
1000   	11567700    	633600    	266400      	11772900              	663100        	144900
1100   	11709400    	715900    	271500      	11489600              	660300        	150100
1200   	14809300    	783900    	321200      	14291900              	823600        	177400
1300   	16048200    	771400    	331000      	16150400              	847300        	205200
1400   	15881400    	850900    	358900      	15066900              	879300        	197600
1500   	17772200    	914000    	406100      	18272100              	951700        	209400
1600   	19364700    	986900    	416600      	18010700              	1027500        	224200
1700   	20319300    	1198500    	552100      	19473000              	1307600        	242200
1800   	20396600    	1240200    	518500      	24762400              	1379500        	301500
1900   	21905700    	1190100    	502300      	20436800              	1240700        	268000
2000   	25783000    	1267100    	530200      	24424200              	1332300        	284700
2100   	23777400    	1599100    	607600      	25131900              	1515200        	294000
2200   	28478700    	1448200    	804000      	29995000              	1913900        	462700
2300   	30507600    	1531100    	671900      	34382000              	2636200        	827000
2400   	69802900    	3419400    	1040000      	46303600              	2325100        	380200
2500   	37946700    	2891600    	1156100      	61812200              	3457100        	925400
2600   	43472400    	3187800    	1106600      	42926900              	2303600        	411400
2700   	35219500    	1782000    	745000      	31873700              	1851900        	402600
2800   	38926800    	2066000    	800900      	35347900              	1997100        	416300
2900   	43646500    	1954300    	870100      	35791200              	2471500        	424400
3000   	37225600    	2406300    	886700      	33176800              	2099500        	438400
3100   	35805400    	2083600    	856600      	34510400              	2277700        	477700
3200   	41080400    	2406400    	992800      	41740400              	2920100        	705500
3300   	39949400    	2289000    	939500      	41817800              	2798900        	722000
3400   	48758500    	2327900    	954700      	40828000              	2410200        	499000
3500   	44355400    	2391700    	974800      	42179400              	2545600        	769900
3600   	49171900    	2589600    	1034400      	45937900              	2634600        	537800
3700   	44933500    	2542300    	1034400      	40780000              	3234800        	546600
3800   	48525100    	2744500    	1468000      	49251100              	2748000        	563500
3900   	47389500    	3631400    	1420200      	46802600              	4146700        	644300
4000   	53352300    	2836500    	1147500      	52668300              	3916100        	649700
4100   	51139700    	2894800    	1183700      	50216100              	4450700        	646200
4200   	77544300    	3311300    	1305500      	76711200              	3721500        	859400
4300   	65152000    	3471700    	1334800      	61289400              	3140400        	646400
4400   	53783300    	3084800    	1344200      	54715800              	4888100        	666700
4500   	67539500    	4090400    	1413400      	64722900              	3363400        	694400
4600   	59939300    	3936200    	1662000      	59312700              	3376300        	692600
4700   	62132300    	5021700    	1355300      	52640800              	3466700        	711900
4800   	71129900    	6438400    	2490200      	134015900              	5775000        	1103800
4900   	83416400    	5697400    	2240400      	79686800              	4528000        	836900
5000   	105559700    	4106900    	1973600      	74933600              	5103500        	850400
5100   	79247000    	7573400    	1747600      	79943600              	4673600        	798800
5200   	82646500    	9915400    	1743500      	80088800              	4566700        	865800
5300   	80040900    	8370000    	2019000      	84649300              	4467200        	863400
5400   	97336300    	4992800    	2147800      	87237800              	4645200        	892500
5500   	76447900    	4008200    	1623100      	84316100              	5171900        	1358300
5600   	71588700    	4238500    	1623600      	67856700              	7545400        	2309900
5700   	160173900    	8937200    	4014800      	163726600              	4834400        	944400
5800   	73671900    	4602200    	1711700      	72268300              	5699000        	1120300
5900   	83677700    	4344400    	1830500      	79884000              	5675500        	1220500
6000   	120722600    	5792200    	3697100      	93639700              	6060200        	1002400
6100   	81692600    	5117000    	1953300      	86175100              	7131900        	1399700
6200   	99540000    	6647900    	2522900      	86390500              	5889900        	965800
6300   	89639700    	5889200    	1856000      	89723200              	6010700        	1316200
6400   	111166200    	5220500    	2131900      	95467900              	4929200        	989400
6500   	114566300    	7068000    	2066400      	106445300              	5032700        	1001600
6600   	94888600    	4909100    	1950000      	101965600              	6447000        	1305400
6700   	98068700    	5624700    	2002500      	122761500              	6670600        	1600100
6800   	118709900    	7805700    	3398000      	99095300              	5916800        	1334100
6900   	102332900    	5130700    	2077100      	94543000              	6116800        	1168400
7000   	95136600    	5362400    	2372200      	93547200              	9114800        	1474000
7100   	111062100    	5324000    	2130300      	95994900              	8300100        	1376700
7200   	99030700    	7023900    	2733200      	106166100              	6537700        	1733800
7300   	95717700    	6135800    	2376200      	89856100              	7990300        	1300000
7400   	99594500    	6228600    	2900100      	92849600              	8811400        	1455500
7500   	107321100    	5638500    	2304200      	117361800              	10530100        	2136700
7600   	118356900    	6666200    	3762900      	120619700              	7850000        	1555900
7700   	104396100    	11581400    	3024000      	114507500              	6053500        	1199900
7800   	135318800    	5897700    	2393300      	95797000              	9058000        	2822500
7900   	117645800    	6038500    	2431100      	136387000              	8522200        	1541800
8000   	110941100    	6070200    	2461300      	102455800              	7051200        	1331200
8100   	154777700    	8381000    	3921600      	102265800              	6516600        	1263100
8200   	150053000    	6721800    	2702800      	95004500              	10469000        	1383400
8300   	125858700    	6307500    	2526100      	165801900              	11256400        	2223800
8400   	138972500    	6552100    	2670600      	130699000              	9026400        	1404800
8500   	114856000    	6472600    	2593600      	132628200              	14152000        	3168800
8600   	144431800    	12064800    	6500600      	117265500              	6989900        	1349600
8700   	149880800    	9525400    	5398900      	167232300              	8121300        	1835400
8800   	133033400    	11772300    	4565400      	150253200              	7699500        	1405000
8900   	171611400    	10948800    	6244600      	123688200              	7984000        	1499400
9000   	139440800    	12606700    	2798500      	162913900              	10290700        	2132900
9100   	119278400    	13474100    	4707100      	152699600              	8845400        	1747200
9200   	157678900    	11103300    	3710200      	146588100              	7726200        	2202700
9300   	155074700    	11033600    	4365900      	128770500              	12380300        	3648500
9400   	136187000    	7418300    	2926500      	140406700              	8087600        	1497400
9500   	128115400    	8686000    	6328200      	152314300              	7764500        	1511300
9600   	148452900    	7459300    	3023200      	143481200              	7766700        	1544400
9700   	138445000    	10619600    	7069100      	134889300              	8827900        	1717500
9800   	166919300    	7646800    	3089400      	158837800              	8723500        	1724900
9900   	135739100    	9177300    	3313800      	159232200              	9442800        	1749900
10000   	164176000    	8770300    	3427600      	166820100              	8138700        	1622700
