Size	Mergesort	Heapsort	Quiksort	Mergesort_Sorted	HeapSort	QuickSort_Sorted
100   	3592100    	128700    	60600      	2550300              	118900        	29100
200   	2125800    	88800    	42100      	2043100              	92400        	25400
300   	4674200    	206400    	98000      	4573400              	182000        	48300
400   	5913200    	215800    	88700      	5216300              	396500        	66700
500   	7763300    	382100    	186300      	6373600              	265700        	65100
600   	11761200    	469500    	219400      	7402900              	411400        	100700
700   	7563000    	475600    	231800      	7477300              	395500        	95700
800   	8705300    	451000    	191800      	8314100              	460300        	107200
900   	9811900    	506400    	217600      	9649600              	525900        	121700
1000   	10677600    	578000    	249000      	10835500              	592400        	134100
1100   	12054900    	637500    	275000      	11699700              	663700        	149500
1200   	17167900    	818800    	317300      	14266800              	833000        	178100
1300   	26823000    	1769100    	739700      	31360500              	1469100        	332600
1400   	16139300    	869600    	366400      	15291700              	926200        	197800
1500   	16272000    	919500    	386200      	16145900              	952100        	209300
1600   	31858500    	1095100    	446200      	19179100              	1149500        	238400
1700   	22543300    	1864100    	1132700      	37851000              	1232200        	444400
1800   	29926200    	1510900    	627000      	21740500              	1168100        	253800
1900   	23351900    	1331000    	534100      	25188000              	1573700        	337100
2000   	24722100    	1261200    	530600      	25742000              	3219900        	865100
2100   	26616000    	1333200    	558700      	23100400              	1391900        	296600
2200   	30067000    	1729300    	750800      	27202100              	1467900        	311100
2300   	46150800    	2037900    	852400      	31381300              	2026800        	412100
2400   	33978900    	1598400    	646500      	26506100              	1621000        	347400
2500   	31882200    	1638300    	671500      	27494300              	1796700        	472100
2600   	45989900    	2621100    	1099200      	38128900              	2000600        	550300
2700   	33313200    	2225700    	1289200      	32190200              	1870800        	397400
2800   	35543300    	2077600    	830100      	38220400              	2467900        	523100
2900   	37408100    	1940400    	840000      	37468700              	2524000        	537800
3000   	40446400    	2436100    	878100      	38951300              	2096600        	438200
3100   	38852300    	2082400    	867100      	46656100              	3173400        	451400
3200   	39385200    	2762900    	896300      	40274800              	2292300        	473200
3300   	43947000    	2231300    	920500      	50080100              	4683900        	986000
3400   	50256500    	3000900    	1262600      	39105500              	2461100        	501000
3500   	45976500    	2395600    	997900      	50028600              	2525000        	534600
3600   	47185200    	2554700    	1006700      	41292900              	2875100        	565300
3700   	42852000    	2901200    	1110700      	52991700              	2648200        	549100
3800   	75630400    	3672900    	1504100      	45494100              	2850300        	570000
3900   	63459100    	2921800    	1108000      	43931000              	2805600        	578300
4000   	60346200    	3073500    	1229000      	51069200              	2911000        	733800
4100   	79979200    	4522200    	1575700      	60265500              	3031000        	619200
4200   	67878900    	2996200    	1198000      	83088500              	4440200        	888400
4300   	78180500    	3483200    	1383700      	72769000              	4310800        	950700
4400   	85972300    	3649600    	1493200      	49409500              	3207300        	651300
4500   	73833200    	3634200    	1652500      	49356700              	3370100        	671700
4600   	107050900    	5357600    	1729700      	80415000              	3548400        	822900
4700   	81784700    	5574600    	2444900      	56191000              	4326900        	886200
4800   	58231800    	3411500    	1398500      	54066600              	3550100        	728000
4900   	89246900    	6006100    	2595400      	68613800              	4673300        	952500
5000   	104161700    	3597100    	2827600      	55807300              	3798300        	768800
5100   	63780600    	3653900    	1496700      	83199000              	4093000        	798300
5200   	63753900    	4197000    	1620900      	68743200              	4460000        	851500
5300   	64116400    	3820600    	1556300      	79469600              	4527700        	867400
5400   	86371900    	4865600    	2618100      	63162900              	4068000        	828000
5500   	69943800    	5232000    	2097300      	71641400              	4140100        	984700
5600   	91905600    	9322100    	3920500      	86948400              	4257600        	864600
5700   	95177800    	4213000    	1739000      	69038700              	4430000        	881600
5800   	73964000    	4299000    	1709000      	106886000              	4506700        	910200
5900   	79136700    	4370000    	1741600      	90882400              	4696500        	958300
6000   	79194200    	4458600    	1768100      	70603300              	4634800        	926500
6100   	137363000    	5406300    	2223600      	96114100              	7193200        	1003200
6200   	81193100    	4641400    	1838800      	68967300              	4761100        	954800
6300   	90000300    	4632200    	1917100      	70095800              	4913200        	967600
6400   	84812900    	4946800    	1911600      	82366400              	4953000        	983500
6500   	89712900    	9694100    	4173600      	84364700              	8810300        	1747800
6600   	84151300    	4885900    	1966300      	89287900              	5082700        	1024300
6700   	101264600    	11324600    	2395800      	76261700              	7606400        	1033300
6800   	91733000    	6430200    	2193900      	90120200              	5308900        	1050200
6900   	152314800    	6536000    	2607100      	85645000              	5345800        	1069300
7000   	110248000    	5213800    	2099200      	78771800              	5481000        	1085200
7100   	140318100    	5584500    	2306800      	79661800              	5513700        	1171700
7200   	106682600    	5400900    	2157100      	80676300              	5601900        	1143700
7300   	113143800    	6148200    	2346700      	90541000              	6384500        	1261400
7400   	100715000    	5559800    	2213300      	83180500              	5833700        	1151700
7500   	125779500    	5695200    	2274800      	110810100              	7677800        	1516000
7600   	88036100    	5811300    	2384600      	93631400              	9355400        	1279100
7700   	106730500    	6441600    	2502200      	108520700              	6050400        	1199900
7800   	117160700    	6594200    	3212300      	96809500              	6779500        	1294800
7900   	96397800    	5981600    	2403100      	103607500              	6924500        	1316800
8000   	99615200    	10175800    	2710200      	131043400              	6356000        	1254100
8100   	126551400    	9793200    	4963500      	99895200              	6438000        	1263700
8200   	118465000    	6294200    	2505800      	118719000              	7367700        	1367000
8300   	99262200    	7078200    	2736900      	117560500              	6694900        	1308400
8400   	119987000    	7033900    	3067900      	117737800              	6650900        	1315800
8500   	105972000    	7279500    	3510700      	104783500              	6779400        	1345500
8600   	133177100    	6935000    	2833200      	123083700              	11083500        	1360100
8700   	117458800    	7387300    	2871700      	117926100              	6880600        	1440300
8800   	119847800    	8871500    	2698900      	132220600              	7115100        	1392700
8900   	133860600    	14419600    	6780400      	149964100              	8497000        	1487900
9000   	121506000    	6991400    	2765100      	144613400              	7274000        	1436700
9100   	131515800    	9315300    	2888800      	110241400              	10998500        	2168700
9200   	134989100    	8418200    	2852100      	145880100              	7397900        	1462200
9300   	113362600    	7219800    	2858700      	133719500              	9483000        	1510800
9400   	125936200    	7343700    	3392600      	119528100              	7579400        	1517900
9500   	118816700    	7341800    	2982900      	111339000              	18387900        	3488700
9600   	110799100    	7508200    	2999400      	146018600              	10038100        	1637500
9700   	153983100    	7719400    	3149000      	113506800              	11497700        	3485900
9800   	150735100    	7564400    	3024400      	140935600              	8901400        	1676600
9900   	152897200    	10010000    	7075200      	138977900              	10540600        	1822800
10000   	122973800    	7843500    	3128200      	150400300              	8236500        	1602900
